frame, x, y
0,  1165.20,  83.93
1,  1174.39,  87.85
2,  1183.59,  91.78
3,  1192.79,  95.71
4,  1201.98,  99.64
5,  1211.18,  103.56
6,  1220.38,  107.49
7,  1229.57,  111.42
8,  1238.77,  115.35
9,  1247.97,  119.27
10,  1257.16,  123.20
11,  1266.36,  127.13
12,  1275.55,  131.06
13,  1284.75,  134.98
14,  1293.95,  138.91
15,  1303.14,  142.84
16,  1312.34,  146.76
17,  1321.54,  150.69
18,  1330.73,  154.62
19,  1339.93,  158.55
20,  1349.13,  162.47
21,  1358.32,  166.40
22,  1367.52,  170.33
23,  1376.72,  174.26
24,  1385.91,  178.18
25,  1395.11,  182.11
26,  1404.31,  186.04
27,  1413.50,  189.97
28,  1422.70,  193.89
29,  1413.50,  197.82
30,  1404.31,  201.75
31,  1395.11,  205.68
32,  1385.91,  209.60
33,  1376.72,  213.53
34,  1367.52,  217.46
35,  1358.32,  221.38
36,  1349.13,  225.31
37,  1339.93,  229.24
38,  1330.73,  233.17
39,  1321.54,  237.09
40,  1312.34,  241.02
41,  1303.14,  244.95
42,  1293.95,  248.88
43,  1284.75,  252.80
44,  1275.55,  256.73
45,  1266.36,  260.66
46,  1257.16,  264.59
47,  1247.97,  268.51
48,  1238.77,  272.44
49,  1229.57,  276.37
50,  1220.38,  280.29
51,  1211.18,  284.22
52,  1201.98,  288.15
53,  1192.79,  292.08
54,  1183.59,  296.00
55,  1174.39,  299.93
56,  1165.20,  303.86
57,  1156.00,  307.79
58,  1146.80,  311.71
59,  1137.61,  315.64
60,  1128.41,  319.57
61,  1119.21,  323.50
62,  1110.02,  327.42
63,  1100.82,  331.35
64,  1091.62,  335.28
65,  1082.43,  339.20
66,  1073.23,  343.13
67,  1064.03,  347.06
68,  1054.84,  350.99
69,  1045.64,  354.91
70,  1036.45,  358.84
71,  1027.25,  362.77
72,  1018.05,  366.70
73,  1008.86,  370.62
74,  999.66,  374.55
75,  990.46,  378.48
76,  981.27,  382.41
77,  972.07,  386.33
78,  962.87,  390.26
79,  953.68,  394.19
80,  944.48,  398.11
81,  935.28,  402.04
82,  926.09,  405.97
83,  916.89,  409.90
84,  907.69,  413.82
85,  898.50,  417.75
86,  889.30,  421.68
87,  880.10,  425.61
88,  870.91,  429.53
89,  861.71,  433.46
90,  852.51,  437.39
91,  843.32,  441.32
92,  834.12,  445.24
93,  824.93,  449.17
94,  815.73,  453.10
95,  806.53,  457.03
96,  797.34,  460.95
97,  788.14,  464.88
98,  778.94,  468.81
99,  769.75,  472.73
100,  760.55,  476.66
101,  751.35,  480.59
102,  742.16,  484.52
103,  732.96,  488.44
104,  723.76,  492.37
105,  714.57,  496.30
106,  705.37,  500.23
107,  696.17,  504.15
108,  686.98,  508.08
109,  677.78,  512.01
110,  668.58,  515.94
111,  659.39,  519.86
112,  650.19,  523.79
113,  640.99,  527.72
114,  631.80,  531.64
115,  622.60,  535.57
116,  613.41,  539.50
117,  604.21,  543.43
118,  595.01,  547.35
119,  585.82,  551.28
120,  576.62,  555.21
121,  567.42,  559.14
122,  558.23,  563.06
123,  549.03,  566.99
124,  539.83,  570.92
125,  530.64,  574.85
126,  521.44,  578.77
127,  512.24,  582.70
128,  503.05,  586.63
129,  493.85,  590.55
130,  484.65,  594.48
131,  475.46,  598.41
132,  466.26,  602.34
133,  457.06,  606.26
134,  447.87,  610.19
135,  438.67,  614.12
136,  429.48,  618.05
137,  420.28,  621.97
138,  411.08,  625.90
139,  401.89,  629.83
140,  392.69,  633.76
141,  383.49,  637.68
142,  374.30,  641.61
143,  365.10,  645.54
144,  355.90,  649.47
145,  346.71,  653.39
146,  337.51,  657.32
147,  328.31,  661.25
148,  319.12,  665.17
149,  309.92,  669.10
150,  300.72,  673.03
151,  291.53,  676.96
152,  282.33,  680.88
153,  273.13,  684.81
154,  263.94,  688.74
155,  254.74,  692.67
156,  245.54,  696.59
157,  236.35,  700.52
158,  227.15,  704.45
159,  217.96,  708.38
160,  208.76,  712.30
161,  199.56,  716.23
162,  190.37,  720.16
163,  181.17,  724.08
164,  171.97,  728.01
165,  162.78,  731.94
166,  153.58,  735.87
167,  144.38,  739.79
168,  135.19,  743.72
169,  125.99,  747.65
170,  116.79,  751.58
171,  107.60,  755.50
172,  98.40,  759.43
173,  89.20,  763.36
174,  80.01,  767.29
175,  70.81,  771.21
176,  61.61,  775.14
177,  52.42,  779.07
178,  43.22,  782.99
179,  34.02,  786.92
180,  24.83,  790.85
181,  15.63,  794.78
182,  6.44,  798.70
183,  15.63,  802.63
184,  24.83,  806.56
185,  34.02,  810.49
186,  43.22,  814.41
187,  52.42,  818.34
188,  61.61,  822.27
189,  70.81,  826.20
190,  80.01,  830.12
191,  89.20,  834.05
192,  98.40,  837.98
193,  107.60,  841.90
194,  116.79,  845.83
195,  125.99,  849.76
196,  135.19,  853.69
197,  144.38,  857.61
198,  153.58,  861.54
199,  162.78,  865.47
200,  171.97,  869.40
201,  181.17,  873.32
202,  190.37,  869.40
203,  199.56,  865.47
204,  208.76,  861.54
205,  217.96,  857.61
206,  227.15,  853.69
207,  236.35,  849.76
208,  245.54,  845.83
209,  254.74,  841.90
210,  263.94,  837.98
211,  273.13,  834.05
212,  282.33,  830.12
213,  291.53,  826.20
214,  300.72,  822.27
215,  309.92,  818.34
216,  319.12,  814.41
217,  328.31,  810.49
218,  337.51,  806.56
219,  346.71,  802.63
220,  355.90,  798.70
221,  365.10,  794.78
222,  374.30,  790.85
223,  383.49,  786.92
224,  392.69,  782.99
225,  401.89,  779.07
226,  411.08,  775.14
227,  420.28,  771.21
228,  429.48,  767.29
229,  438.67,  763.36
230,  447.87,  759.43
231,  457.06,  755.50
232,  466.26,  751.58
233,  475.46,  747.65
234,  484.65,  743.72
235,  493.85,  739.79
236,  503.05,  735.87
237,  512.24,  731.94
238,  521.44,  728.01
239,  530.64,  724.08
240,  539.83,  720.16
241,  549.03,  716.23
242,  558.23,  712.30
243,  567.42,  708.38
244,  576.62,  704.45
245,  585.82,  700.52
246,  595.01,  696.59
247,  604.21,  692.67
248,  613.41,  688.74
249,  622.60,  684.81
250,  631.80,  680.88
251,  640.99,  676.96
252,  650.19,  673.03
253,  659.39,  669.10
254,  668.58,  665.17
255,  677.78,  661.25
256,  686.98,  657.32
257,  696.17,  653.39
258,  705.37,  649.47
259,  714.57,  645.54
260,  723.76,  641.61
261,  732.96,  637.68
262,  742.16,  633.76
263,  751.35,  629.83
264,  760.55,  625.90
265,  769.75,  621.97
266,  778.94,  618.05
267,  788.14,  614.12
268,  797.34,  610.19
269,  806.53,  606.26
270,  815.73,  602.34
271,  824.93,  598.41
272,  834.12,  594.48
273,  843.32,  590.55
274,  852.51,  586.63
275,  861.71,  582.70
276,  870.91,  578.77
277,  880.10,  574.85
278,  889.30,  570.92
279,  898.50,  566.99
280,  907.69,  563.06
281,  916.89,  559.14
282,  926.09,  555.21
283,  935.28,  551.28
284,  944.48,  547.35
285,  953.68,  543.43
286,  962.87,  539.50
287,  972.07,  535.57
288,  981.27,  531.64
289,  990.46,  527.72
290,  999.66,  523.79
291,  1008.86,  519.86
292,  1018.05,  515.94
293,  1027.25,  512.01
294,  1036.45,  508.08
295,  1045.64,  504.15
296,  1054.84,  500.23
297,  1064.03,  496.30
298,  1073.23,  492.37
299,  1082.43,  488.44
300,  1091.62,  484.52
301,  1100.82,  480.59
302,  1110.02,  476.66
303,  1119.21,  472.73
304,  1128.41,  468.81
305,  1137.61,  464.88
306,  1146.80,  460.95
307,  1156.00,  457.03
308,  1165.20,  453.10
309,  1174.39,  449.17
310,  1183.59,  445.24
311,  1192.79,  441.32
312,  1201.98,  437.39
313,  1211.18,  433.46
314,  1220.38,  429.53
315,  1229.57,  425.61
316,  1238.77,  421.68
317,  1247.97,  417.75
318,  1257.16,  413.82
319,  1266.36,  409.90
320,  1275.55,  405.97
321,  1284.75,  402.04
322,  1293.95,  398.11
323,  1303.14,  394.19
324,  1312.34,  390.26
325,  1321.54,  386.33
326,  1330.73,  382.41
327,  1339.93,  378.48
328,  1349.13,  374.55
329,  1358.32,  370.62
330,  1367.52,  366.70
331,  1376.72,  362.77
332,  1385.91,  358.84
333,  1395.11,  354.91
334,  1404.31,  350.99
335,  1413.50,  347.06
336,  1422.70,  343.13
337,  1413.50,  339.20
338,  1404.31,  335.28
339,  1395.11,  331.35
340,  1385.91,  327.42
341,  1376.72,  323.50
342,  1367.52,  319.57
343,  1358.32,  315.64
344,  1349.13,  311.71
345,  1339.93,  307.79
346,  1330.73,  303.86
347,  1321.54,  299.93
348,  1312.34,  296.00
349,  1303.14,  292.08
350,  1293.95,  288.15
351,  1284.75,  284.22
352,  1275.55,  280.29
353,  1266.36,  276.37
354,  1257.16,  272.44
355,  1247.97,  268.51
356,  1238.77,  264.59
357,  1229.57,  260.66
358,  1220.38,  256.73
359,  1211.18,  252.80
360,  1201.98,  248.88
361,  1192.79,  244.95
362,  1183.59,  241.02
363,  1174.39,  237.09
364,  1165.20,  233.17
365,  1156.00,  229.24
366,  1146.80,  225.31
367,  1137.61,  221.38
368,  1128.41,  217.46
369,  1119.21,  213.53
370,  1110.02,  209.60
371,  1100.82,  205.68
372,  1091.62,  201.75
373,  1082.43,  197.82
374,  1073.23,  193.89
375,  1064.03,  189.97
376,  1054.84,  186.04
377,  1045.64,  182.11
378,  1036.45,  178.18
379,  1027.25,  174.26
380,  1018.05,  170.33
381,  1008.86,  166.40
382,  999.66,  162.47
383,  990.46,  158.55
384,  981.27,  154.62
385,  972.07,  150.69
386,  962.87,  146.76
387,  953.68,  142.84
388,  944.48,  138.91
389,  935.28,  134.98
390,  926.09,  131.06
391,  916.89,  127.13
392,  907.69,  123.20
393,  898.50,  119.27
394,  889.30,  115.35
395,  880.10,  111.42
396,  870.91,  107.49
397,  861.71,  103.56
398,  852.51,  99.64
399,  843.32,  95.71
400,  834.12,  91.78
401,  824.93,  87.85
402,  815.73,  83.93
403,  806.53,  80.00
404,  797.34,  76.07
405,  788.14,  72.15
406,  778.94,  68.22
407,  769.75,  64.29
408,  760.55,  60.36
409,  751.35,  56.44
410,  742.16,  52.51
411,  732.96,  48.58
412,  723.76,  44.65
413,  714.57,  40.73
414,  705.37,  36.80
415,  696.17,  32.87
416,  686.98,  28.94
417,  677.78,  25.02
418,  668.58,  21.09
419,  659.39,  17.16
420,  650.19,  13.24
421,  640.99,  9.31
422,  631.80,  5.38
423,  622.60,  9.31
424,  613.41,  13.24
425,  604.21,  17.16
426,  595.01,  21.09
427,  585.82,  25.02
428,  576.62,  28.94
429,  567.42,  32.87
430,  558.23,  36.80
431,  549.03,  40.73
432,  539.83,  44.65
433,  530.64,  48.58
434,  521.44,  52.51
435,  512.24,  56.44
436,  503.05,  60.36
437,  493.85,  64.29
438,  484.65,  68.22
439,  475.46,  72.15
440,  466.26,  76.07
441,  457.06,  80.00
442,  447.87,  83.93
443,  438.67,  87.85
444,  429.48,  91.78
445,  420.28,  95.71
446,  411.08,  99.64
447,  401.89,  103.56
448,  392.69,  107.49
449,  383.49,  111.42
450,  374.30,  115.35
451,  365.10,  119.27
452,  355.90,  123.20
453,  346.71,  127.13
454,  337.51,  131.06
455,  328.31,  134.98
456,  319.12,  138.91
457,  309.92,  142.84
458,  300.72,  146.76
459,  291.53,  150.69
460,  282.33,  154.62
461,  273.13,  158.55
462,  263.94,  162.47
463,  254.74,  166.40
464,  245.54,  170.33
465,  236.35,  174.26
466,  227.15,  178.18
467,  217.96,  182.11
468,  208.76,  186.04
469,  199.56,  189.97
470,  190.37,  193.89
471,  181.17,  197.82
472,  171.97,  201.75
473,  162.78,  205.68
474,  153.58,  209.60
475,  144.38,  213.53
476,  135.19,  217.46
477,  125.99,  221.38
478,  116.79,  225.31
479,  107.60,  229.24
480,  98.40,  233.17
481,  89.20,  237.09
482,  80.01,  241.02
483,  70.81,  244.95
484,  61.61,  248.88
485,  52.42,  252.80
486,  43.22,  256.73
487,  34.02,  260.66
488,  24.83,  264.59
489,  15.63,  268.51
490,  6.44,  272.44
491,  15.63,  276.37
492,  24.83,  280.29
493,  34.02,  284.22
494,  43.22,  288.15
495,  52.42,  292.08
496,  61.61,  296.00
497,  70.81,  299.93
498,  80.01,  303.86
499,  89.20,  307.79
500,  98.40,  311.71
501,  107.60,  315.64
502,  116.79,  319.57
503,  125.99,  323.50
504,  135.19,  327.42
505,  144.38,  331.35
506,  153.58,  335.28
507,  162.78,  339.20
508,  171.97,  343.13
509,  181.17,  347.06
510,  190.37,  350.99
511,  199.56,  354.91
512,  208.76,  358.84
513,  217.96,  362.77
514,  227.15,  366.70
515,  236.35,  370.62
516,  245.54,  374.55
517,  254.74,  378.48
518,  263.94,  382.41
519,  273.13,  386.33
520,  282.33,  390.26
521,  291.53,  394.19
522,  300.72,  398.11
523,  309.92,  402.04
524,  319.12,  405.97
525,  328.31,  409.90
526,  337.51,  413.82
527,  346.71,  417.75
528,  355.90,  421.68
529,  365.10,  425.61
530,  374.30,  429.53
531,  383.49,  433.46
532,  392.69,  437.39
533,  401.89,  441.32
534,  411.08,  445.24
535,  420.28,  449.17
536,  429.48,  453.10
537,  438.67,  457.03
538,  447.87,  460.95
539,  457.06,  464.88
540,  466.26,  468.81
541,  475.46,  472.73
542,  484.65,  476.66
543,  493.85,  480.59
544,  503.05,  484.52
545,  512.24,  488.44
546,  521.44,  492.37
547,  530.64,  496.30
548,  539.83,  500.23
549,  549.03,  504.15
550,  558.23,  508.08
551,  567.42,  512.01
552,  576.62,  515.94
553,  585.82,  519.86
554,  595.01,  523.79
555,  604.21,  527.72
556,  613.41,  531.64
557,  622.60,  535.57
558,  631.80,  539.50
559,  640.99,  543.43
560,  650.19,  547.35
561,  659.39,  551.28
562,  668.58,  555.21
563,  677.78,  559.14
564,  686.98,  563.06
565,  696.17,  566.99
566,  705.37,  570.92
567,  714.57,  574.85
568,  723.76,  578.77
569,  732.96,  582.70
570,  742.16,  586.63
571,  751.35,  590.55
572,  760.55,  594.48
573,  769.75,  598.41
574,  778.94,  602.34
575,  788.14,  606.26
576,  797.34,  610.19
577,  806.53,  614.12
578,  815.73,  618.05
579,  824.93,  621.97
580,  834.12,  625.90
581,  843.32,  629.83
582,  852.51,  633.76
583,  861.71,  637.68
584,  870.91,  641.61
585,  880.10,  645.54
586,  889.30,  649.47
587,  898.50,  653.39
588,  907.69,  657.32
589,  916.89,  661.25
590,  926.09,  665.17
591,  935.28,  669.10
592,  944.48,  673.03
593,  953.68,  676.96
594,  962.87,  680.88
595,  972.07,  684.81
596,  981.27,  688.74
597,  990.46,  692.67
598,  999.66,  696.59
599,  1008.86,  700.52
600,  1018.05,  704.45
601,  1027.25,  708.38
602,  1036.45,  712.30
603,  1045.64,  716.23
604,  1054.84,  720.16
605,  1064.03,  724.08
606,  1073.23,  728.01
607,  1082.43,  731.94
608,  1091.62,  735.87
609,  1100.82,  739.79
610,  1110.02,  743.72
611,  1119.21,  747.65
612,  1128.41,  751.58
613,  1137.61,  755.50
614,  1146.80,  759.43
615,  1156.00,  763.36
616,  1165.20,  767.29
617,  1174.39,  771.21
618,  1183.59,  775.14
619,  1192.79,  779.07
620,  1201.98,  782.99
621,  1211.18,  786.92
622,  1220.38,  790.85
623,  1229.57,  794.78
624,  1238.77,  798.70
625,  1247.97,  802.63
626,  1257.16,  806.56
627,  1266.36,  810.49
628,  1275.55,  814.41
629,  1284.75,  818.34
630,  1293.95,  822.27
631,  1303.14,  826.20
632,  1312.34,  830.12
633,  1321.54,  834.05
634,  1330.73,  837.98
635,  1339.93,  841.90
636,  1349.13,  845.83
637,  1358.32,  849.76
638,  1367.52,  853.69
639,  1376.72,  857.61
640,  1385.91,  861.54
641,  1395.11,  865.47
642,  1404.31,  869.40
643,  1413.50,  873.32
644,  1422.70,  869.40
645,  1413.50,  865.47
646,  1404.31,  861.54
647,  1395.11,  857.61
648,  1385.91,  853.69
649,  1376.72,  849.76
650,  1367.52,  845.83
651,  1358.32,  841.90
652,  1349.13,  837.98
653,  1339.93,  834.05
654,  1330.73,  830.12
655,  1321.54,  826.20
656,  1312.34,  822.27
657,  1303.14,  818.34
658,  1293.95,  814.41
659,  1284.75,  810.49
660,  1275.55,  806.56
661,  1266.36,  802.63
662,  1257.16,  798.70
663,  1247.97,  794.78
664,  1238.77,  790.85
665,  1229.57,  786.92
666,  1220.38,  782.99
667,  1211.18,  779.07
668,  1201.98,  775.14
669,  1192.79,  771.21
670,  1183.59,  767.29
671,  1174.39,  763.36
672,  1165.20,  759.43
673,  1156.00,  755.50
674,  1146.80,  751.58
675,  1137.61,  747.65
676,  1128.41,  743.72
677,  1119.21,  739.79
678,  1110.02,  735.87
679,  1100.82,  731.94
680,  1091.62,  728.01
681,  1082.43,  724.08
682,  1073.23,  720.16
683,  1064.03,  716.23
684,  1054.84,  712.30
685,  1045.64,  708.38
686,  1036.45,  704.45
687,  1027.25,  700.52
688,  1018.05,  696.59
689,  1008.86,  692.67
690,  999.66,  688.74
691,  990.46,  684.81
692,  981.27,  680.88
693,  972.07,  676.96
694,  962.87,  673.03
695,  953.68,  669.10
696,  944.48,  665.17
697,  935.28,  661.25
698,  926.09,  657.32
699,  916.89,  653.39
700,  907.69,  649.47
701,  898.50,  645.54
702,  889.30,  641.61
703,  880.10,  637.68
704,  870.91,  633.76
705,  861.71,  629.83
706,  852.51,  625.90
707,  843.32,  621.97
708,  834.12,  618.05
709,  824.93,  614.12
710,  815.73,  610.19
711,  806.53,  606.26
712,  797.34,  602.34
713,  788.14,  598.41
714,  778.94,  594.48
715,  769.75,  590.55
716,  760.55,  586.63
717,  751.35,  582.70
718,  742.16,  578.77
719,  732.96,  574.85
720,  723.76,  570.92
721,  714.57,  566.99
722,  705.37,  563.06
723,  696.17,  559.14
724,  686.98,  555.21
725,  677.78,  551.28
726,  668.58,  547.35
727,  659.39,  543.43
728,  650.19,  539.50
729,  640.99,  535.57
730,  631.80,  531.64
731,  622.60,  527.72
732,  613.41,  523.79
733,  604.21,  519.86
734,  595.01,  515.94
735,  585.82,  512.01
736,  576.62,  508.08
737,  567.42,  504.15
738,  558.23,  500.23
739,  549.03,  496.30
740,  539.83,  492.37
741,  530.64,  488.44
742,  521.44,  484.52
743,  512.24,  480.59
744,  503.05,  476.66
745,  493.85,  472.73
746,  484.65,  468.81
747,  475.46,  464.88
748,  466.26,  460.95
749,  457.06,  457.03
750,  447.87,  453.10
751,  438.67,  449.17
752,  429.48,  445.24
753,  420.28,  441.32
754,  411.08,  437.39
755,  401.89,  433.46
756,  392.69,  429.53
757,  383.49,  425.61
758,  374.30,  421.68
759,  365.10,  417.75
760,  355.90,  413.82
761,  346.71,  409.90
762,  337.51,  405.97
763,  328.31,  402.04
764,  319.12,  398.11
765,  309.92,  394.19
766,  300.72,  390.26
767,  291.53,  386.33
768,  282.33,  382.41
769,  273.13,  378.48
770,  263.94,  374.55
771,  254.74,  370.62
772,  245.54,  366.70
773,  236.35,  362.77
774,  227.15,  358.84
775,  217.96,  354.91
776,  208.76,  350.99
777,  199.56,  347.06
778,  190.37,  343.13
779,  181.17,  339.20
780,  171.97,  335.28
781,  162.78,  331.35
782,  153.58,  327.42
783,  144.38,  323.50
784,  135.19,  319.57
785,  125.99,  315.64
786,  116.79,  311.71
787,  107.60,  307.79
788,  98.40,  303.86
789,  89.20,  299.93
790,  80.01,  296.00
791,  70.81,  292.08
792,  61.61,  288.15
793,  52.42,  284.22
794,  43.22,  280.29
795,  34.02,  276.37
796,  24.83,  272.44
797,  15.63,  268.51
798,  6.44,  264.59
799,  15.63,  260.66
800,  24.83,  256.73
801,  34.02,  252.80
802,  43.22,  248.88
803,  52.42,  244.95
804,  61.61,  241.02
805,  70.81,  237.09
806,  80.01,  233.17
807,  89.20,  229.24
808,  98.40,  225.31
809,  107.60,  221.38
810,  116.79,  217.46
811,  125.99,  213.53
812,  135.19,  209.60
813,  144.38,  205.68
814,  153.58,  201.75
815,  162.78,  197.82
816,  171.97,  193.89
817,  181.17,  189.97
818,  190.37,  186.04
819,  199.56,  182.11
820,  208.76,  178.18
821,  217.96,  174.26
822,  227.15,  170.33
823,  236.35,  166.40
824,  245.54,  162.47
825,  254.74,  158.55
826,  263.94,  154.62
827,  273.13,  150.69
828,  282.33,  146.76
829,  291.53,  142.84
830,  300.72,  138.91
831,  309.92,  134.98
832,  319.12,  131.06
833,  328.31,  127.13
834,  337.51,  123.20
835,  346.71,  119.27
836,  355.90,  115.35
837,  365.10,  111.42
838,  374.30,  107.49
839,  383.49,  103.56
840,  392.69,  99.64
841,  401.89,  95.71
842,  411.08,  91.78
843,  420.28,  87.85
844,  429.48,  83.93
845,  438.67,  80.00
846,  447.87,  76.07
847,  457.06,  72.15
848,  466.26,  68.22
849,  475.46,  64.29
850,  484.65,  60.36
851,  493.85,  56.44
852,  503.05,  52.51
853,  512.24,  48.58
854,  521.44,  44.65
855,  530.64,  40.73
856,  539.83,  36.80
857,  549.03,  32.87
858,  558.23,  28.94
859,  567.42,  25.02
860,  576.62,  21.09
861,  585.82,  17.16
862,  595.01,  13.24
863,  604.21,  9.31
864,  613.41,  5.38
865,  622.60,  9.31
866,  631.80,  13.24
867,  640.99,  17.16
868,  650.19,  21.09
869,  659.39,  25.02
870,  668.58,  28.94
871,  677.78,  32.87
872,  686.98,  36.80
873,  696.17,  40.73
874,  705.37,  44.65
875,  714.57,  48.58
876,  723.76,  52.51
877,  732.96,  56.44
878,  742.16,  60.36
879,  751.35,  64.29
880,  760.55,  68.22
881,  769.75,  72.15
882,  778.94,  76.07
883,  788.14,  80.00
884,  797.34,  83.93
885,  806.53,  87.85
886,  815.73,  91.78
887,  824.93,  95.71
888,  834.12,  99.64
889,  843.32,  103.56
890,  852.51,  107.49
891,  861.71,  111.42
892,  870.91,  115.35
893,  880.10,  119.27
894,  889.30,  123.20
895,  898.50,  127.13
896,  907.69,  131.06
897,  916.89,  134.98
898,  926.09,  138.91
899,  935.28,  142.84
900,  944.48,  146.76
901,  953.68,  150.69
902,  962.87,  154.62
903,  972.07,  158.55
904,  981.27,  162.47
905,  990.46,  166.40
906,  999.66,  170.33
907,  1008.86,  174.26
908,  1018.05,  178.18
909,  1027.25,  182.11
910,  1036.45,  186.04
911,  1045.64,  189.97
912,  1054.84,  193.89
913,  1064.03,  197.82
914,  1073.23,  201.75
915,  1082.43,  205.68
916,  1091.62,  209.60
917,  1100.82,  213.53
918,  1110.02,  217.46
919,  1119.21,  221.38
920,  1128.41,  225.31
921,  1137.61,  229.24
922,  1146.80,  233.17
923,  1156.00,  237.09
924,  1165.20,  241.02
925,  1174.39,  244.95
926,  1183.59,  248.88
927,  1192.79,  252.80
928,  1201.98,  256.73
929,  1211.18,  260.66
930,  1220.38,  264.59
931,  1229.57,  268.51
932,  1238.77,  272.44
933,  1247.97,  276.37
934,  1257.16,  280.29
935,  1266.36,  284.22
936,  1275.55,  288.15
937,  1284.75,  292.08
938,  1293.95,  296.00
939,  1303.14,  299.93
940,  1312.34,  303.86
941,  1321.54,  307.79
942,  1330.73,  311.71
943,  1339.93,  315.64
944,  1349.13,  319.57
945,  1358.32,  323.50
946,  1367.52,  327.42
947,  1376.72,  331.35
948,  1385.91,  335.28
949,  1395.11,  339.20
950,  1404.31,  343.13
951,  1413.50,  347.06
952,  1422.70,  350.99
953,  1413.50,  354.91
954,  1404.31,  358.84
955,  1395.11,  362.77
956,  1385.91,  366.70
957,  1376.72,  370.62
958,  1367.52,  374.55
959,  1358.32,  378.48
960,  1349.13,  382.41
961,  1339.93,  386.33
962,  1330.73,  390.26
963,  1321.54,  394.19
964,  1312.34,  398.11
965,  1303.14,  402.04
966,  1293.95,  405.97
967,  1284.75,  409.90
968,  1275.55,  413.82
969,  1266.36,  417.75
970,  1257.16,  421.68
971,  1247.97,  425.61
972,  1238.77,  429.53
973,  1229.57,  433.46
974,  1220.38,  437.39
975,  1211.18,  441.32
976,  1201.98,  445.24
977,  1192.79,  449.17
978,  1183.59,  453.10
979,  1174.39,  457.03
980,  1165.20,  460.95
981,  1156.00,  464.88
982,  1146.80,  468.81
983,  1137.61,  472.73
984,  1128.41,  476.66
985,  1119.21,  480.59
986,  1110.02,  484.52
987,  1100.82,  488.44
988,  1091.62,  492.37
989,  1082.43,  496.30
990,  1073.23,  500.23
991,  1064.03,  504.15
992,  1054.84,  508.08
993,  1045.64,  512.01
994,  1036.45,  515.94
995,  1027.25,  519.86
996,  1018.05,  523.79
997,  1008.86,  527.72
998,  999.66,  531.64
999,  990.46,  535.57
1000,  981.27,  539.50
1001,  972.07,  543.43
1002,  962.87,  547.35
1003,  953.68,  551.28
1004,  944.48,  555.21
1005,  935.28,  559.14
1006,  926.09,  563.06
1007,  916.89,  566.99
1008,  907.69,  570.92
1009,  898.50,  574.85
1010,  889.30,  578.77
1011,  880.10,  582.70
1012,  870.91,  586.63
1013,  861.71,  590.55
1014,  852.51,  594.48
1015,  843.32,  598.41
1016,  834.12,  602.34
1017,  824.93,  606.26
1018,  815.73,  610.19
1019,  806.53,  614.12
1020,  797.34,  618.05
1021,  788.14,  621.97
1022,  778.94,  625.90
1023,  769.75,  629.83
1024,  760.55,  633.76
1025,  751.35,  637.68
1026,  742.16,  641.61
1027,  732.96,  645.54
1028,  723.76,  649.47
1029,  714.57,  653.39
1030,  705.37,  657.32
1031,  696.17,  661.25
1032,  686.98,  665.17
1033,  677.78,  669.10
1034,  668.58,  673.03
1035,  659.39,  676.96
1036,  650.19,  680.88
1037,  640.99,  684.81
1038,  631.80,  688.74
1039,  622.60,  692.67
1040,  613.41,  696.59
1041,  604.21,  700.52
1042,  595.01,  704.45
1043,  585.82,  708.38
1044,  576.62,  712.30
1045,  567.42,  716.23
1046,  558.23,  720.16
1047,  549.03,  724.08
1048,  539.83,  728.01
1049,  530.64,  731.94
1050,  521.44,  735.87
1051,  512.24,  739.79
1052,  503.05,  743.72
1053,  493.85,  747.65
1054,  484.65,  751.58
1055,  475.46,  755.50
1056,  466.26,  759.43
1057,  457.06,  763.36
1058,  447.87,  767.29
1059,  438.67,  771.21
1060,  429.48,  775.14
1061,  420.28,  779.07
1062,  411.08,  782.99
1063,  401.89,  786.92
1064,  392.69,  790.85
1065,  383.49,  794.78
1066,  374.30,  798.70
1067,  365.10,  802.63
1068,  355.90,  806.56
1069,  346.71,  810.49
1070,  337.51,  814.41
1071,  328.31,  818.34
1072,  319.12,  822.27
1073,  309.92,  826.20
1074,  300.72,  830.12
1075,  291.53,  834.05
1076,  282.33,  837.98
1077,  273.13,  841.90
1078,  263.94,  845.83
1079,  254.74,  849.76
1080,  245.54,  853.69
1081,  236.35,  857.61
1082,  227.15,  861.54
1083,  217.96,  865.47
1084,  208.76,  869.40
1085,  199.56,  873.32
1086,  190.37,  869.40
1087,  181.17,  865.47
1088,  171.97,  861.54
1089,  162.78,  857.61
1090,  153.58,  853.69
1091,  144.38,  849.76
1092,  135.19,  845.83
1093,  125.99,  841.90
1094,  116.79,  837.98
1095,  107.60,  834.05
1096,  98.40,  830.12
1097,  89.20,  826.20
1098,  80.01,  822.27
1099,  70.81,  818.34
1100,  61.61,  814.41
1101,  52.42,  810.49
1102,  43.22,  806.56
1103,  34.02,  802.63
1104,  24.83,  798.70
1105,  15.63,  794.78
1106,  6.44,  790.85
1107,  15.63,  786.92
1108,  24.83,  782.99
1109,  34.02,  779.07
1110,  43.22,  775.14
1111,  52.42,  771.21
1112,  61.61,  767.29
1113,  70.81,  763.36
1114,  80.01,  759.43
1115,  89.20,  755.50
1116,  98.40,  751.58
1117,  107.60,  747.65
1118,  116.79,  743.72
1119,  125.99,  739.79
1120,  135.19,  735.87
1121,  144.38,  731.94
1122,  153.58,  728.01
1123,  162.78,  724.08
1124,  171.97,  720.16
1125,  181.17,  716.23
1126,  190.37,  712.30
1127,  199.56,  708.38
1128,  208.76,  704.45
1129,  217.96,  700.52
1130,  227.15,  696.59
1131,  236.35,  692.67
1132,  245.54,  688.74
1133,  254.74,  684.81
1134,  263.94,  680.88
1135,  273.13,  676.96
1136,  282.33,  673.03
1137,  291.53,  669.10
1138,  300.72,  665.17
1139,  309.92,  661.25
1140,  319.12,  657.32
1141,  328.31,  653.39
1142,  337.51,  649.47
1143,  346.71,  645.54
1144,  355.90,  641.61
1145,  365.10,  637.68
1146,  374.30,  633.76
1147,  383.49,  629.83
1148,  392.69,  625.90
1149,  401.89,  621.97
1150,  411.08,  618.05
1151,  420.28,  614.12
1152,  429.48,  610.19
1153,  438.67,  606.26
1154,  447.87,  602.34
1155,  457.06,  598.41
1156,  466.26,  594.48
1157,  475.46,  590.55
1158,  484.65,  586.63
1159,  493.85,  582.70
1160,  503.05,  578.77
1161,  512.24,  574.85
1162,  521.44,  570.92
1163,  530.64,  566.99
1164,  539.83,  563.06
1165,  549.03,  559.14
1166,  558.23,  555.21
1167,  567.42,  551.28
1168,  576.62,  547.35
1169,  585.82,  543.43
1170,  595.01,  539.50
1171,  604.21,  535.57
1172,  613.41,  531.64
1173,  622.60,  527.72
1174,  631.80,  523.79
1175,  640.99,  519.86
1176,  650.19,  515.94
1177,  659.39,  512.01
1178,  668.58,  508.08
1179,  677.78,  504.15
1180,  686.98,  500.23
1181,  696.17,  496.30
1182,  705.37,  492.37
1183,  714.57,  488.44
1184,  723.76,  484.52
1185,  732.96,  480.59
1186,  742.16,  476.66
1187,  751.35,  472.73
1188,  760.55,  468.81
1189,  769.75,  464.88
1190,  778.94,  460.95
1191,  788.14,  457.03
1192,  797.34,  453.10
1193,  806.53,  449.17
1194,  815.73,  445.24
1195,  824.93,  441.32
1196,  834.12,  437.39
1197,  843.32,  433.46
1198,  852.51,  429.53
1199,  861.71,  425.61
1200,  870.91,  421.68
1201,  880.10,  417.75
1202,  889.30,  413.82
1203,  898.50,  409.90
1204,  907.69,  405.97
1205,  916.89,  402.04
1206,  926.09,  398.11
1207,  935.28,  394.19
1208,  944.48,  390.26
1209,  953.68,  386.33
1210,  962.87,  382.41
1211,  972.07,  378.48
1212,  981.27,  374.55
1213,  990.46,  370.62
1214,  999.66,  366.70
1215,  1008.86,  362.77
1216,  1018.05,  358.84
1217,  1027.25,  354.91
1218,  1036.45,  350.99
1219,  1045.64,  347.06
1220,  1054.84,  343.13
1221,  1064.03,  339.20
1222,  1073.23,  335.28
1223,  1082.43,  331.35
1224,  1091.62,  327.42
1225,  1100.82,  323.50
1226,  1110.02,  319.57
1227,  1119.21,  315.64
1228,  1128.41,  311.71
1229,  1137.61,  307.79
1230,  1146.80,  303.86
1231,  1156.00,  299.93
1232,  1165.20,  296.00
1233,  1174.39,  292.08
1234,  1183.59,  288.15
1235,  1192.79,  284.22
1236,  1201.98,  280.29
1237,  1211.18,  276.37
1238,  1220.38,  272.44
1239,  1229.57,  268.51
1240,  1238.77,  264.59
1241,  1247.97,  260.66
1242,  1257.16,  256.73
1243,  1266.36,  252.80
1244,  1275.55,  248.88
1245,  1284.75,  244.95
1246,  1293.95,  241.02
1247,  1303.14,  237.09
1248,  1312.34,  233.17
1249,  1321.54,  229.24
1250,  1330.73,  225.31
1251,  1339.93,  221.38
1252,  1349.13,  217.46
1253,  1358.32,  213.53
1254,  1367.52,  209.60
1255,  1376.72,  205.68
1256,  1385.91,  201.75
1257,  1395.11,  197.82
1258,  1404.31,  193.89
1259,  1413.50,  189.97
1260,  1422.70,  186.04
1261,  1413.50,  182.11
1262,  1404.31,  178.18
1263,  1395.11,  174.26
1264,  1385.91,  170.33
1265,  1376.72,  166.40
1266,  1367.52,  162.47
1267,  1358.32,  158.55
1268,  1349.13,  154.62
1269,  1339.93,  150.69
1270,  1330.73,  146.76
1271,  1321.54,  142.84
1272,  1312.34,  138.91
1273,  1303.14,  134.98
1274,  1293.95,  131.06
1275,  1284.75,  127.13
1276,  1275.55,  123.20
1277,  1266.36,  119.27
1278,  1257.16,  115.35
1279,  1247.97,  111.42
1280,  1238.77,  107.49
1281,  1229.57,  103.56
1282,  1220.38,  99.64
1283,  1211.18,  95.71
1284,  1201.98,  91.78
1285,  1192.79,  87.85
1286,  1183.59,  83.93
1287,  1174.39,  80.00
1288,  1165.20,  76.07
1289,  1156.00,  72.15
1290,  1146.80,  68.22
1291,  1137.61,  64.29
1292,  1128.41,  60.36
1293,  1119.21,  56.44
1294,  1110.02,  52.51
1295,  1100.82,  48.58
1296,  1091.62,  44.65
1297,  1082.43,  40.73
1298,  1073.23,  36.80
1299,  1064.03,  32.87
1300,  1054.84,  28.94
1301,  1045.64,  25.02
1302,  1036.45,  21.09
1303,  1027.25,  17.16
1304,  1018.05,  13.24
1305,  1008.86,  9.31
1306,  999.66,  5.38
1307,  990.46,  9.31
1308,  981.27,  13.24
1309,  972.07,  17.16
1310,  962.87,  21.09
1311,  953.68,  25.02
1312,  944.48,  28.94
1313,  935.28,  32.87
1314,  926.09,  36.80
1315,  916.89,  40.73
1316,  907.69,  44.65
1317,  898.50,  48.58
1318,  889.30,  52.51
1319,  880.10,  56.44
1320,  870.91,  60.36
1321,  861.71,  64.29
1322,  852.51,  68.22
1323,  843.32,  72.15
1324,  834.12,  76.07
1325,  824.93,  80.00
1326,  815.73,  83.93
1327,  806.53,  87.85
1328,  797.34,  91.78
1329,  788.14,  95.71
1330,  778.94,  99.64
1331,  769.75,  103.56
1332,  760.55,  107.49
1333,  751.35,  111.42
1334,  742.16,  115.35
1335,  732.96,  119.27
1336,  723.76,  123.20
1337,  714.57,  127.13
1338,  705.37,  131.06
1339,  696.17,  134.98
1340,  686.98,  138.91
1341,  677.78,  142.84
1342,  668.58,  146.76
1343,  659.39,  150.69
1344,  650.19,  154.62
1345,  640.99,  158.55
1346,  631.80,  162.47
1347,  622.60,  166.40
1348,  613.41,  170.33
1349,  604.21,  174.26
1350,  595.01,  178.18
1351,  585.82,  182.11
1352,  576.62,  186.04
1353,  567.42,  189.97
1354,  558.23,  193.89
1355,  549.03,  197.82
1356,  539.83,  201.75
1357,  530.64,  205.68
1358,  521.44,  209.60
1359,  512.24,  213.53
1360,  503.05,  217.46
1361,  493.85,  221.38
1362,  484.65,  225.31
1363,  475.46,  229.24
1364,  466.26,  233.17
1365,  457.06,  237.09
1366,  447.87,  241.02
1367,  438.67,  244.95
1368,  429.48,  248.88
1369,  420.28,  252.80
1370,  411.08,  256.73
1371,  401.89,  260.66
1372,  392.69,  264.59
1373,  383.49,  268.51
1374,  374.30,  272.44
1375,  365.10,  276.37
1376,  355.90,  280.29
1377,  346.71,  284.22
1378,  337.51,  288.15
1379,  328.31,  292.08
1380,  319.12,  296.00
1381,  309.92,  299.93
1382,  300.72,  303.86
1383,  291.53,  307.79
1384,  282.33,  311.71
1385,  273.13,  315.64
1386,  263.94,  319.57
1387,  254.74,  323.50
1388,  245.54,  327.42
1389,  236.35,  331.35
1390,  227.15,  335.28
1391,  217.96,  339.20
1392,  208.76,  343.13
1393,  199.56,  347.06
1394,  190.37,  350.99
1395,  181.17,  354.91
1396,  171.97,  358.84
1397,  162.78,  362.77
1398,  153.58,  366.70
1399,  144.38,  370.62
1400,  135.19,  374.55
1401,  125.99,  378.48
1402,  116.79,  382.41
1403,  107.60,  386.33
1404,  98.40,  390.26
1405,  89.20,  394.19
1406,  80.01,  398.11
1407,  70.81,  402.04
1408,  61.61,  405.97
1409,  52.42,  409.90
1410,  43.22,  413.82
1411,  34.02,  417.75
1412,  24.83,  421.68
1413,  15.63,  425.61
1414,  6.44,  429.53
1415,  15.63,  433.46
1416,  24.83,  437.39
1417,  34.02,  441.32
1418,  43.22,  445.24
1419,  52.42,  449.17
1420,  61.61,  453.10
1421,  70.81,  457.03
1422,  80.01,  460.95
1423,  89.20,  464.88
1424,  98.40,  468.81
1425,  107.60,  472.73
1426,  116.79,  476.66
1427,  125.99,  480.59
1428,  135.19,  484.52
1429,  144.38,  488.44
1430,  153.58,  492.37
1431,  162.78,  496.30
1432,  171.97,  500.23
1433,  181.17,  504.15
1434,  190.37,  508.08
1435,  199.56,  512.01
1436,  208.76,  515.94
1437,  217.96,  519.86
1438,  227.15,  523.79
1439,  236.35,  527.72
1440,  245.54,  531.64
1441,  254.74,  535.57
1442,  263.94,  539.50
1443,  273.13,  543.43
1444,  282.33,  547.35
1445,  291.53,  551.28
1446,  300.72,  555.21
1447,  309.92,  559.14
1448,  319.12,  563.06
1449,  328.31,  566.99
1450,  337.51,  570.92
1451,  346.71,  574.85
1452,  355.90,  578.77
1453,  365.10,  582.70
1454,  374.30,  586.63
1455,  383.49,  590.55
1456,  392.69,  594.48
1457,  401.89,  598.41
1458,  411.08,  602.34
1459,  420.28,  606.26
1460,  429.48,  610.19
1461,  438.67,  614.12
1462,  447.87,  618.05
1463,  457.06,  621.97
1464,  466.26,  625.90
1465,  475.46,  629.83
1466,  484.65,  633.76
1467,  493.85,  637.68
1468,  503.05,  641.61
1469,  512.24,  645.54
1470,  521.44,  649.47
1471,  530.64,  653.39
1472,  539.83,  657.32
1473,  549.03,  661.25
1474,  558.23,  665.17
1475,  567.42,  669.10
1476,  576.62,  673.03
1477,  585.82,  676.96
1478,  595.01,  680.88
1479,  604.21,  684.81
1480,  613.41,  688.74
1481,  622.60,  692.67
1482,  631.80,  696.59
1483,  640.99,  700.52
1484,  650.19,  704.45
1485,  659.39,  708.38
1486,  668.58,  712.30
1487,  677.78,  716.23
1488,  686.98,  720.16
1489,  696.17,  724.08
1490,  705.37,  728.01
1491,  714.57,  731.94
1492,  723.76,  735.87
1493,  732.96,  739.79
1494,  742.16,  743.72
1495,  751.35,  747.65
1496,  760.55,  751.58
1497,  769.75,  755.50
1498,  778.94,  759.43
1499,  788.14,  763.36
1500,  797.34,  767.29
1501,  806.53,  771.21
1502,  815.73,  775.14
1503,  824.93,  779.07
1504,  834.12,  782.99
1505,  843.32,  786.92
1506,  852.51,  790.85
1507,  861.71,  794.78
1508,  870.91,  798.70
1509,  880.10,  802.63
1510,  889.30,  806.56
1511,  898.50,  810.49
1512,  907.69,  814.41
1513,  916.89,  818.34
1514,  926.09,  822.27
1515,  935.28,  826.20
1516,  944.48,  830.12
1517,  953.68,  834.05
1518,  962.87,  837.98
1519,  972.07,  841.90
1520,  981.27,  845.83
1521,  990.46,  849.76
1522,  999.66,  853.69
1523,  1008.86,  857.61
1524,  1018.05,  861.54
1525,  1027.25,  865.47
1526,  1036.45,  869.40
1527,  1045.64,  873.32
1528,  1054.84,  869.40
1529,  1064.03,  865.47
1530,  1073.23,  861.54
1531,  1082.43,  857.61
1532,  1091.62,  853.69
1533,  1100.82,  849.76
1534,  1110.02,  845.83
1535,  1119.21,  841.90
1536,  1128.41,  837.98
1537,  1137.61,  834.05
1538,  1146.80,  830.12
1539,  1156.00,  826.20
1540,  1165.20,  822.27
1541,  1174.39,  818.34
1542,  1183.59,  814.41
1543,  1192.79,  810.49
1544,  1201.98,  806.56
1545,  1211.18,  802.63
1546,  1220.38,  798.70
1547,  1229.57,  794.78
1548,  1238.77,  790.85
1549,  1247.97,  786.92
1550,  1257.16,  782.99
1551,  1266.36,  779.07
1552,  1275.55,  775.14
1553,  1284.75,  771.21
1554,  1293.95,  767.29
1555,  1303.14,  763.36
1556,  1312.34,  759.43
1557,  1321.54,  755.50
1558,  1330.73,  751.58
1559,  1339.93,  747.65
1560,  1349.13,  743.72
1561,  1358.32,  739.79
1562,  1367.52,  735.87
1563,  1376.72,  731.94
1564,  1385.91,  728.01
1565,  1395.11,  724.08
1566,  1404.31,  720.16
1567,  1413.50,  716.23
1568,  1422.70,  712.30
1569,  1413.50,  708.38
1570,  1404.31,  704.45
1571,  1395.11,  700.52
1572,  1385.91,  696.59
1573,  1376.72,  692.67
1574,  1367.52,  688.74
1575,  1358.32,  684.81
1576,  1349.13,  680.88
1577,  1339.93,  676.96
1578,  1330.73,  673.03
1579,  1321.54,  669.10
1580,  1312.34,  665.17
1581,  1303.14,  661.25
1582,  1293.95,  657.32
1583,  1284.75,  653.39
1584,  1275.55,  649.47
1585,  1266.36,  645.54
1586,  1257.16,  641.61
1587,  1247.97,  637.68
1588,  1238.77,  633.76
1589,  1229.57,  629.83
1590,  1220.38,  625.90
1591,  1211.18,  621.97
1592,  1201.98,  618.05
1593,  1192.79,  614.12
1594,  1183.59,  610.19
1595,  1174.39,  606.26
1596,  1165.20,  602.34
1597,  1156.00,  598.41
1598,  1146.80,  594.48
1599,  1137.61,  590.55
1600,  1128.41,  586.63
1601,  1119.21,  582.70
1602,  1110.02,  578.77
1603,  1100.82,  574.85
1604,  1091.62,  570.92
1605,  1082.43,  566.99
1606,  1073.23,  563.06
1607,  1064.03,  559.14
1608,  1054.84,  555.21
1609,  1045.64,  551.28
1610,  1036.45,  547.35
1611,  1027.25,  543.43
1612,  1018.05,  539.50
1613,  1008.86,  535.57
1614,  999.66,  531.64
1615,  990.46,  527.72
1616,  981.27,  523.79
1617,  972.07,  519.86
1618,  962.87,  515.94
1619,  953.68,  512.01
1620,  944.48,  508.08
1621,  935.28,  504.15
1622,  926.09,  500.23
1623,  916.89,  496.30
1624,  907.69,  492.37
1625,  898.50,  488.44
1626,  889.30,  484.52
1627,  880.10,  480.59
1628,  870.91,  476.66
1629,  861.71,  472.73
1630,  852.51,  468.81
1631,  843.32,  464.88
1632,  834.12,  460.95
1633,  824.93,  457.03
1634,  815.73,  453.10
1635,  806.53,  449.17
1636,  797.34,  445.24
1637,  788.14,  441.32
1638,  778.94,  437.39
1639,  769.75,  433.46
1640,  760.55,  429.53
1641,  751.35,  425.61
1642,  742.16,  421.68
1643,  732.96,  417.75
1644,  723.76,  413.82
1645,  714.57,  409.90
1646,  705.37,  405.97
1647,  696.17,  402.04
1648,  686.98,  398.11
1649,  677.78,  394.19
1650,  668.58,  390.26
1651,  659.39,  386.33
1652,  650.19,  382.41
1653,  640.99,  378.48
1654,  631.80,  374.55
1655,  622.60,  370.62
1656,  613.41,  366.70
1657,  604.21,  362.77
1658,  595.01,  358.84
1659,  585.82,  354.91
1660,  576.62,  350.99
1661,  567.42,  347.06
1662,  558.23,  343.13
1663,  549.03,  339.20
1664,  539.83,  335.28
1665,  530.64,  331.35
1666,  521.44,  327.42
1667,  512.24,  323.50
1668,  503.05,  319.57
1669,  493.85,  315.64
1670,  484.65,  311.71
1671,  475.46,  307.79
1672,  466.26,  303.86
1673,  457.06,  299.93
1674,  447.87,  296.00
1675,  438.67,  292.08
1676,  429.48,  288.15
1677,  420.28,  284.22
1678,  411.08,  280.29
1679,  401.89,  276.37
1680,  392.69,  272.44
1681,  383.49,  268.51
1682,  374.30,  264.59
1683,  365.10,  260.66
1684,  355.90,  256.73
1685,  346.71,  252.80
1686,  337.51,  248.88
1687,  328.31,  244.95
1688,  319.12,  241.02
1689,  309.92,  237.09
1690,  300.72,  233.17
1691,  291.53,  229.24
1692,  282.33,  225.31
1693,  273.13,  221.38
1694,  263.94,  217.46
1695,  254.74,  213.53
1696,  245.54,  209.60
1697,  236.35,  205.68
1698,  227.15,  201.75
1699,  217.96,  197.82
1700,  208.76,  193.89
1701,  199.56,  189.97
1702,  190.37,  186.04
1703,  181.17,  182.11
1704,  171.97,  178.18
1705,  162.78,  174.26
1706,  153.58,  170.33
1707,  144.38,  166.40
1708,  135.19,  162.47
1709,  125.99,  158.55
1710,  116.79,  154.62
1711,  107.60,  150.69
1712,  98.40,  146.76
1713,  89.20,  142.84
1714,  80.01,  138.91
1715,  70.81,  134.98
1716,  61.61,  131.06
1717,  52.42,  127.13
1718,  43.22,  123.20
1719,  34.02,  119.27
1720,  24.83,  115.35
1721,  15.63,  111.42
1722,  6.44,  107.49
1723,  15.63,  103.56
1724,  24.83,  99.64
1725,  34.02,  95.71
1726,  43.22,  91.78
1727,  52.42,  87.85
1728,  61.61,  83.93
1729,  70.81,  80.00
1730,  80.01,  76.07
1731,  89.20,  72.15
1732,  98.40,  68.22
1733,  107.60,  64.29
1734,  116.79,  60.36
1735,  125.99,  56.44
1736,  135.19,  52.51
1737,  144.38,  48.58
1738,  153.58,  44.65
1739,  162.78,  40.73
1740,  171.97,  36.80
1741,  181.17,  32.87
1742,  190.37,  28.94
1743,  199.56,  25.02
1744,  208.76,  21.09
1745,  217.96,  17.16
1746,  227.15,  13.24
1747,  236.35,  9.31
1748,  245.54,  5.38
1749,  254.74,  9.31
1750,  263.94,  13.24
1751,  273.13,  17.16
1752,  282.33,  21.09
1753,  291.53,  25.02
1754,  300.72,  28.94
1755,  309.92,  32.87
1756,  319.12,  36.80
1757,  328.31,  40.73
1758,  337.51,  44.65
1759,  346.71,  48.58
1760,  355.90,  52.51
1761,  365.10,  56.44
1762,  374.30,  60.36
1763,  383.49,  64.29
1764,  392.69,  68.22
1765,  401.89,  72.15
1766,  411.08,  76.07
1767,  420.28,  80.00
1768,  429.48,  83.93
1769,  438.67,  87.85
1770,  447.87,  91.78
1771,  457.06,  95.71
1772,  466.26,  99.64
1773,  475.46,  103.56
1774,  484.65,  107.49
1775,  493.85,  111.42
1776,  503.05,  115.35
1777,  512.24,  119.27
1778,  521.44,  123.20
1779,  530.64,  127.13
1780,  539.83,  131.06
1781,  549.03,  134.98
1782,  558.23,  138.91
1783,  567.42,  142.84
1784,  576.62,  146.76
1785,  585.82,  150.69
1786,  595.01,  154.62
1787,  604.21,  158.55
1788,  613.41,  162.47
1789,  622.60,  166.40
1790,  631.80,  170.33
1791,  640.99,  174.26
1792,  650.19,  178.18
1793,  659.39,  182.11
1794,  668.58,  186.04
1795,  677.78,  189.97
1796,  686.98,  193.89
1797,  696.17,  197.82
1798,  705.37,  201.75
1799,  714.57,  205.68
1800,  723.76,  209.60
1801,  732.96,  213.53
1802,  742.16,  217.46
1803,  751.35,  221.38
1804,  760.55,  225.31
1805,  769.75,  229.24
1806,  778.94,  233.17
1807,  788.14,  237.09
1808,  797.34,  241.02
1809,  806.53,  244.95
1810,  815.73,  248.88
1811,  824.93,  252.80
1812,  834.12,  256.73
1813,  843.32,  260.66
1814,  852.51,  264.59
1815,  861.71,  268.51
1816,  870.91,  272.44
1817,  880.10,  276.37
1818,  889.30,  280.29
1819,  898.50,  284.22
1820,  907.69,  288.15
1821,  916.89,  292.08
1822,  926.09,  296.00
1823,  935.28,  299.93
1824,  944.48,  303.86
1825,  953.68,  307.79
1826,  962.87,  311.71
1827,  972.07,  315.64
1828,  981.27,  319.57
1829,  990.46,  323.50
1830,  999.66,  327.42
1831,  1008.86,  331.35
1832,  1018.05,  335.28
1833,  1027.25,  339.20
1834,  1036.45,  343.13
1835,  1045.64,  347.06
1836,  1054.84,  350.99
1837,  1064.03,  354.91
1838,  1073.23,  358.84
1839,  1082.43,  362.77
1840,  1091.62,  366.70
1841,  1100.82,  370.62
1842,  1110.02,  374.55
1843,  1119.21,  378.48
1844,  1128.41,  382.41
1845,  1137.61,  386.33
1846,  1146.80,  390.26
1847,  1156.00,  394.19
1848,  1165.20,  398.11
1849,  1174.39,  402.04
1850,  1183.59,  405.97
1851,  1192.79,  409.90
1852,  1201.98,  413.82
1853,  1211.18,  417.75
1854,  1220.38,  421.68
1855,  1229.57,  425.61
1856,  1238.77,  429.53
1857,  1247.97,  433.46
1858,  1257.16,  437.39
1859,  1266.36,  441.32
1860,  1275.55,  445.24
1861,  1284.75,  449.17
1862,  1293.95,  453.10
1863,  1303.14,  457.03
1864,  1312.34,  460.95
1865,  1321.54,  464.88
1866,  1330.73,  468.81
1867,  1339.93,  472.73
1868,  1349.13,  476.66
1869,  1358.32,  480.59
1870,  1367.52,  484.52
1871,  1376.72,  488.44
1872,  1385.91,  492.37
1873,  1395.11,  496.30
1874,  1404.31,  500.23
1875,  1413.50,  504.15
1876,  1422.70,  508.08
1877,  1413.50,  512.01
1878,  1404.31,  515.94
1879,  1395.11,  519.86
1880,  1385.91,  523.79
1881,  1376.72,  527.72
1882,  1367.52,  531.64
1883,  1358.32,  535.57
1884,  1349.13,  539.50
1885,  1339.93,  543.43
1886,  1330.73,  547.35
1887,  1321.54,  551.28
1888,  1312.34,  555.21
1889,  1303.14,  559.14
1890,  1293.95,  563.06
1891,  1284.75,  566.99
1892,  1275.55,  570.92
1893,  1266.36,  574.85
1894,  1257.16,  578.77
1895,  1247.97,  582.70
1896,  1238.77,  586.63
1897,  1229.57,  590.55
1898,  1220.38,  594.48
1899,  1211.18,  598.41
1900,  1201.98,  602.34
1901,  1192.79,  606.26
1902,  1183.59,  610.19
1903,  1174.39,  614.12
1904,  1165.20,  618.05
1905,  1156.00,  621.97
1906,  1146.80,  625.90
1907,  1137.61,  629.83
1908,  1128.41,  633.76
1909,  1119.21,  637.68
1910,  1110.02,  641.61
1911,  1100.82,  645.54
1912,  1091.62,  649.47
1913,  1082.43,  653.39
1914,  1073.23,  657.32
1915,  1064.03,  661.25
1916,  1054.84,  665.17
1917,  1045.64,  669.10
1918,  1036.45,  673.03
1919,  1027.25,  676.96
1920,  1018.05,  680.88
1921,  1008.86,  684.81
1922,  999.66,  688.74
1923,  990.46,  692.67
1924,  981.27,  696.59
1925,  972.07,  700.52
1926,  962.87,  704.45
1927,  953.68,  708.38
1928,  944.48,  712.30
1929,  935.28,  716.23
1930,  926.09,  720.16
1931,  916.89,  724.08
1932,  907.69,  728.01
1933,  898.50,  731.94
1934,  889.30,  735.87
1935,  880.10,  739.79
1936,  870.91,  743.72
1937,  861.71,  747.65
1938,  852.51,  751.58
1939,  843.32,  755.50
1940,  834.12,  759.43
1941,  824.93,  763.36
1942,  815.73,  767.29
1943,  806.53,  771.21
1944,  797.34,  775.14
1945,  788.14,  779.07
1946,  778.94,  782.99
1947,  769.75,  786.92
1948,  760.55,  790.85
1949,  751.35,  794.78
1950,  742.16,  798.70
1951,  732.96,  802.63
1952,  723.76,  806.56
1953,  714.57,  810.49
1954,  705.37,  814.41
1955,  696.17,  818.34
1956,  686.98,  822.27
1957,  677.78,  826.20
1958,  668.58,  830.12
1959,  659.39,  834.05
1960,  650.19,  837.98
1961,  640.99,  841.90
1962,  631.80,  845.83
1963,  622.60,  849.76
1964,  613.41,  853.69
1965,  604.21,  857.61
1966,  595.01,  861.54
1967,  585.82,  865.47
1968,  576.62,  869.40
1969,  567.42,  873.32
1970,  558.23,  869.40
1971,  549.03,  865.47
1972,  539.83,  861.54
1973,  530.64,  857.61
1974,  521.44,  853.69
1975,  512.24,  849.76
1976,  503.05,  845.83
1977,  493.85,  841.90
1978,  484.65,  837.98
1979,  475.46,  834.05
1980,  466.26,  830.12
1981,  457.06,  826.20
1982,  447.87,  822.27
1983,  438.67,  818.34
1984,  429.48,  814.41
1985,  420.28,  810.49
1986,  411.08,  806.56
1987,  401.89,  802.63
1988,  392.69,  798.70
1989,  383.49,  794.78
1990,  374.30,  790.85
1991,  365.10,  786.92
1992,  355.90,  782.99
1993,  346.71,  779.07
1994,  337.51,  775.14
1995,  328.31,  771.21
1996,  319.12,  767.29
1997,  309.92,  763.36
1998,  300.72,  759.43
1999,  291.53,  755.50
2000,  282.33,  751.58
2001,  273.13,  747.65
2002,  263.94,  743.72
2003,  254.74,  739.79
2004,  245.54,  735.87
2005,  236.35,  731.94
2006,  227.15,  728.01
2007,  217.96,  724.08
2008,  208.76,  720.16
2009,  199.56,  716.23
2010,  190.37,  712.30
2011,  181.17,  708.38
2012,  171.97,  704.45
2013,  162.78,  700.52
2014,  153.58,  696.59
2015,  144.38,  692.67
2016,  135.19,  688.74
2017,  125.99,  684.81
2018,  116.79,  680.88
2019,  107.60,  676.96
2020,  98.40,  673.03
2021,  89.20,  669.10
2022,  80.01,  665.17
2023,  70.81,  661.25
2024,  61.61,  657.32
2025,  52.42,  653.39
2026,  43.22,  649.47
2027,  34.02,  645.54
2028,  24.83,  641.61
2029,  15.63,  637.68
2030,  6.44,  633.76
2031,  15.63,  629.83
2032,  24.83,  625.90
2033,  34.02,  621.97
2034,  43.22,  618.05
2035,  52.42,  614.12
2036,  61.61,  610.19
2037,  70.81,  606.26
2038,  80.01,  602.34
2039,  89.20,  598.41
2040,  98.40,  594.48
2041,  107.60,  590.55
2042,  116.79,  586.63
2043,  125.99,  582.70
2044,  135.19,  578.77
2045,  144.38,  574.85
2046,  153.58,  570.92
2047,  162.78,  566.99
2048,  171.97,  563.06
2049,  181.17,  559.14
2050,  190.37,  555.21
2051,  199.56,  551.28
2052,  208.76,  547.35
2053,  217.96,  543.43
2054,  227.15,  539.50
2055,  236.35,  535.57
2056,  245.54,  531.64
2057,  254.74,  527.72
2058,  263.94,  523.79
2059,  273.13,  519.86
2060,  282.33,  515.94
2061,  291.53,  512.01
2062,  300.72,  508.08
2063,  309.92,  504.15
2064,  319.12,  500.23
2065,  328.31,  496.30
2066,  337.51,  492.37
2067,  346.71,  488.44
2068,  355.90,  484.52
2069,  365.10,  480.59
2070,  374.30,  476.66
2071,  383.49,  472.73
2072,  392.69,  468.81
2073,  401.89,  464.88
2074,  411.08,  460.95
2075,  420.28,  457.03
2076,  429.48,  453.10
2077,  438.67,  449.17
2078,  447.87,  445.24
2079,  457.06,  441.32
2080,  466.26,  437.39
2081,  475.46,  433.46
2082,  484.65,  429.53
2083,  493.85,  425.61
2084,  503.05,  421.68
2085,  512.24,  417.75
2086,  521.44,  413.82
2087,  530.64,  409.90
2088,  539.83,  405.97
2089,  549.03,  402.04
2090,  558.23,  398.11
2091,  567.42,  394.19
2092,  576.62,  390.26
2093,  585.82,  386.33
2094,  595.01,  382.41
2095,  604.21,  378.48
2096,  613.41,  374.55
2097,  622.60,  370.62
2098,  631.80,  366.70
2099,  640.99,  362.77
2100,  650.19,  358.84
2101,  659.39,  354.91
2102,  668.58,  350.99
2103,  677.78,  347.06
2104,  686.98,  343.13
2105,  696.17,  339.20
2106,  705.37,  335.28
2107,  714.57,  331.35
2108,  723.76,  327.42
2109,  732.96,  323.50
2110,  742.16,  319.57
2111,  751.35,  315.64
2112,  760.55,  311.71
2113,  769.75,  307.79
2114,  778.94,  303.86
2115,  788.14,  299.93
2116,  797.34,  296.00
2117,  806.53,  292.08
2118,  815.73,  288.15
2119,  824.93,  284.22
2120,  834.12,  280.29
2121,  843.32,  276.37
2122,  852.51,  272.44
2123,  861.71,  268.51
2124,  870.91,  264.59
2125,  880.10,  260.66
2126,  889.30,  256.73
2127,  898.50,  252.80
2128,  907.69,  248.88
2129,  916.89,  244.95
2130,  926.09,  241.02
2131,  935.28,  237.09
2132,  944.48,  233.17
2133,  953.68,  229.24
2134,  962.87,  225.31
2135,  972.07,  221.38
2136,  981.27,  217.46
2137,  990.46,  213.53
2138,  999.66,  209.60
2139,  1008.86,  205.68
2140,  1018.05,  201.75
2141,  1027.25,  197.82
2142,  1036.45,  193.89
2143,  1045.64,  189.97
2144,  1054.84,  186.04
2145,  1064.03,  182.11
2146,  1073.23,  178.18
2147,  1082.43,  174.26
2148,  1091.62,  170.33
2149,  1100.82,  166.40
2150,  1110.02,  162.47
2151,  1119.21,  158.55
2152,  1128.41,  154.62
2153,  1137.61,  150.69
2154,  1146.80,  146.76
2155,  1156.00,  142.84
2156,  1165.20,  138.91
2157,  1174.39,  134.98
2158,  1183.59,  131.06
2159,  1192.79,  127.13
2160,  1201.98,  123.20
2161,  1211.18,  119.27
2162,  1220.38,  115.35
2163,  1229.57,  111.42
2164,  1238.77,  107.49
2165,  1247.97,  103.56
2166,  1257.16,  99.64
2167,  1266.36,  95.71
2168,  1275.55,  91.78
2169,  1284.75,  87.85
2170,  1293.95,  83.93
2171,  1303.14,  80.00
2172,  1312.34,  76.07
2173,  1321.54,  72.15
2174,  1330.73,  68.22
2175,  1339.93,  64.29
2176,  1349.13,  60.36
2177,  1358.32,  56.44
2178,  1367.52,  52.51
2179,  1376.72,  48.58
2180,  1385.91,  44.65
2181,  1395.11,  40.73
2182,  1404.31,  36.80
2183,  1413.50,  32.87
2184,  1422.70,  28.94
2185,  1413.50,  25.02
2186,  1404.31,  21.09
2187,  1395.11,  17.16
2188,  1385.91,  13.24
2189,  1376.72,  9.31
2190,  1367.52,  5.38
2191,  1358.32,  9.31
2192,  1349.13,  13.24
2193,  1339.93,  17.16
2194,  1330.73,  21.09
2195,  1321.54,  25.02
2196,  1312.34,  28.94
2197,  1303.14,  32.87
2198,  1293.95,  36.80
2199,  1284.75,  40.73
2200,  1275.55,  44.65
2201,  1266.36,  48.58
2202,  1257.16,  52.51
2203,  1247.97,  56.44
2204,  1238.77,  60.36
2205,  1229.57,  64.29
2206,  1220.38,  68.22
2207,  1211.18,  72.15
2208,  1201.98,  76.07
2209,  1192.79,  80.00
2210,  1183.59,  83.93
2211,  1174.39,  87.85
2212,  1165.20,  91.78
2213,  1156.00,  95.71
2214,  1146.80,  99.64
2215,  1137.61,  103.56
2216,  1128.41,  107.49
2217,  1119.21,  111.42
2218,  1110.02,  115.35
2219,  1100.82,  119.27
2220,  1091.62,  123.20
2221,  1082.43,  127.13
2222,  1073.23,  131.06
2223,  1064.03,  134.98
2224,  1054.84,  138.91
2225,  1045.64,  142.84
2226,  1036.45,  146.76
2227,  1027.25,  150.69
2228,  1018.05,  154.62
2229,  1008.86,  158.55
2230,  999.66,  162.47
2231,  990.46,  166.40
2232,  981.27,  170.33
2233,  972.07,  174.26
2234,  962.87,  178.18
2235,  953.68,  182.11
2236,  944.48,  186.04
2237,  935.28,  189.97
2238,  926.09,  193.89
2239,  916.89,  197.82
2240,  907.69,  201.75
2241,  898.50,  205.68
2242,  889.30,  209.60
2243,  880.10,  213.53
2244,  870.91,  217.46
2245,  861.71,  221.38
2246,  852.51,  225.31
2247,  843.32,  229.24
2248,  834.12,  233.17
2249,  824.93,  237.09
2250,  815.73,  241.02
2251,  806.53,  244.95
2252,  797.34,  248.88
2253,  788.14,  252.80
2254,  778.94,  256.73
2255,  769.75,  260.66
2256,  760.55,  264.59
2257,  751.35,  268.51
2258,  742.16,  272.44
2259,  732.96,  276.37
2260,  723.76,  280.29
2261,  714.57,  284.22
2262,  705.37,  288.15
2263,  696.17,  292.08
2264,  686.98,  296.00
2265,  677.78,  299.93
2266,  668.58,  303.86
2267,  659.39,  307.79
2268,  650.19,  311.71
2269,  640.99,  315.64
2270,  631.80,  319.57
2271,  622.60,  323.50
2272,  613.41,  327.42
2273,  604.21,  331.35
2274,  595.01,  335.28
2275,  585.82,  339.20
2276,  576.62,  343.13
2277,  567.42,  347.06
2278,  558.23,  350.99
2279,  549.03,  354.91
2280,  539.83,  358.84
2281,  530.64,  362.77
2282,  521.44,  366.70
2283,  512.24,  370.62
2284,  503.05,  374.55
2285,  493.85,  378.48
2286,  484.65,  382.41
2287,  475.46,  386.33
2288,  466.26,  390.26
2289,  457.06,  394.19
2290,  447.87,  398.11
2291,  438.67,  402.04
2292,  429.48,  405.97
2293,  420.28,  409.90
2294,  411.08,  413.82
2295,  401.89,  417.75
2296,  392.69,  421.68
2297,  383.49,  425.61
2298,  374.30,  429.53
2299,  365.10,  433.46
2300,  355.90,  437.39
2301,  346.71,  441.32
2302,  337.51,  445.24
2303,  328.31,  449.17
2304,  319.12,  453.10
2305,  309.92,  457.03
2306,  300.72,  460.95
2307,  291.53,  464.88
2308,  282.33,  468.81
2309,  273.13,  472.73
2310,  263.94,  476.66
2311,  254.74,  480.59
2312,  245.54,  484.52
2313,  236.35,  488.44
2314,  227.15,  492.37
2315,  217.96,  496.30
2316,  208.76,  500.23
2317,  199.56,  504.15
2318,  190.37,  508.08
2319,  181.17,  512.01
2320,  171.97,  515.94
2321,  162.78,  519.86
2322,  153.58,  523.79
2323,  144.38,  527.72
2324,  135.19,  531.64
2325,  125.99,  535.57
2326,  116.79,  539.50
2327,  107.60,  543.43
2328,  98.40,  547.35
2329,  89.20,  551.28
2330,  80.01,  555.21
2331,  70.81,  559.14
2332,  61.61,  563.06
2333,  52.42,  566.99
2334,  43.22,  570.92
2335,  34.02,  574.85
2336,  24.83,  578.77
2337,  15.63,  582.70
2338,  6.44,  586.63
2339,  15.63,  590.55
2340,  24.83,  594.48
2341,  34.02,  598.41
2342,  43.22,  602.34
2343,  52.42,  606.26
2344,  61.61,  610.19
2345,  70.81,  614.12
2346,  80.01,  618.05
2347,  89.20,  621.97
2348,  98.40,  625.90
2349,  107.60,  629.83
2350,  116.79,  633.76
2351,  125.99,  637.68
2352,  135.19,  641.61
2353,  144.38,  645.54
2354,  153.58,  649.47
2355,  162.78,  653.39
2356,  171.97,  657.32
2357,  181.17,  661.25
2358,  190.37,  665.17
2359,  199.56,  669.10
2360,  208.76,  673.03
2361,  217.96,  676.96
2362,  227.15,  680.88
2363,  236.35,  684.81
2364,  245.54,  688.74
2365,  254.74,  692.67
2366,  263.94,  696.59
2367,  273.13,  700.52
2368,  282.33,  704.45
2369,  291.53,  708.38
2370,  300.72,  712.30
2371,  309.92,  716.23
2372,  319.12,  720.16
2373,  328.31,  724.08
2374,  337.51,  728.01
2375,  346.71,  731.94
2376,  355.90,  735.87
2377,  365.10,  739.79
2378,  374.30,  743.72
2379,  383.49,  747.65
2380,  392.69,  751.58
2381,  401.89,  755.50
2382,  411.08,  759.43
2383,  420.28,  763.36
2384,  429.48,  767.29
2385,  438.67,  771.21
2386,  447.87,  775.14
2387,  457.06,  779.07
2388,  466.26,  782.99
2389,  475.46,  786.92
2390,  484.65,  790.85
2391,  493.85,  794.78
2392,  503.05,  798.70
2393,  512.24,  802.63
2394,  521.44,  806.56
2395,  530.64,  810.49
2396,  539.83,  814.41
2397,  549.03,  818.34
2398,  558.23,  822.27
2399,  567.42,  826.20
2400,  576.62,  830.12
2401,  585.82,  834.05
2402,  595.01,  837.98
2403,  604.21,  841.90
2404,  613.41,  845.83
2405,  622.60,  849.76
2406,  631.80,  853.69
2407,  640.99,  857.61
2408,  650.19,  861.54
2409,  659.39,  865.47
2410,  668.58,  869.40
2411,  677.78,  873.32
2412,  686.98,  869.40
2413,  696.17,  865.47
2414,  705.37,  861.54
2415,  714.57,  857.61
2416,  723.76,  853.69
2417,  732.96,  849.76
2418,  742.16,  845.83
2419,  751.35,  841.90
2420,  760.55,  837.98
2421,  769.75,  834.05
2422,  778.94,  830.12
2423,  788.14,  826.20
2424,  797.34,  822.27
2425,  806.53,  818.34
2426,  815.73,  814.41
2427,  824.93,  810.49
2428,  834.12,  806.56
2429,  843.32,  802.63
2430,  852.51,  798.70
2431,  861.71,  794.78
2432,  870.91,  790.85
2433,  880.10,  786.92
2434,  889.30,  782.99
2435,  898.50,  779.07
2436,  907.69,  775.14
2437,  916.89,  771.21
2438,  926.09,  767.29
2439,  935.28,  763.36
2440,  944.48,  759.43
2441,  953.68,  755.50
2442,  962.87,  751.58
2443,  972.07,  747.65
2444,  981.27,  743.72
2445,  990.46,  739.79
2446,  999.66,  735.87
2447,  1008.86,  731.94
2448,  1018.05,  728.01
2449,  1027.25,  724.08
2450,  1036.45,  720.16
2451,  1045.64,  716.23
2452,  1054.84,  712.30
2453,  1064.03,  708.38
2454,  1073.23,  704.45
2455,  1082.43,  700.52
2456,  1091.62,  696.59
2457,  1100.82,  692.67
2458,  1110.02,  688.74
2459,  1119.21,  684.81
2460,  1128.41,  680.88
2461,  1137.61,  676.96
2462,  1146.80,  673.03
2463,  1156.00,  669.10
2464,  1165.20,  665.17
2465,  1174.39,  661.25
2466,  1183.59,  657.32
2467,  1192.79,  653.39
2468,  1201.98,  649.47
2469,  1211.18,  645.54
2470,  1220.38,  641.61
2471,  1229.57,  637.68
2472,  1238.77,  633.76
2473,  1247.97,  629.83
2474,  1257.16,  625.90
2475,  1266.36,  621.97
2476,  1275.55,  618.05
2477,  1284.75,  614.12
2478,  1293.95,  610.19
2479,  1303.14,  606.26
2480,  1312.34,  602.34
2481,  1321.54,  598.41
2482,  1330.73,  594.48
2483,  1339.93,  590.55
2484,  1349.13,  586.63
2485,  1358.32,  582.70
2486,  1367.52,  578.77
2487,  1376.72,  574.85
2488,  1385.91,  570.92
2489,  1395.11,  566.99
2490,  1404.31,  563.06
2491,  1413.50,  559.14
2492,  1422.70,  555.21
2493,  1413.50,  551.28
2494,  1404.31,  547.35
2495,  1395.11,  543.43
2496,  1385.91,  539.50
2497,  1376.72,  535.57
2498,  1367.52,  531.64
2499,  1358.32,  527.72
2500,  1349.13,  523.79
2501,  1339.93,  519.86
2502,  1330.73,  515.94
2503,  1321.54,  512.01
2504,  1312.34,  508.08
2505,  1303.14,  504.15
2506,  1293.95,  500.23
2507,  1284.75,  496.30
2508,  1275.55,  492.37
2509,  1266.36,  488.44
2510,  1257.16,  484.52
2511,  1247.97,  480.59
2512,  1238.77,  476.66
2513,  1229.57,  472.73
2514,  1220.38,  468.81
2515,  1211.18,  464.88
2516,  1201.98,  460.95
2517,  1192.79,  457.03
2518,  1183.59,  453.10
2519,  1174.39,  449.17
2520,  1165.20,  445.24
2521,  1156.00,  441.32
2522,  1146.80,  437.39
2523,  1137.61,  433.46
2524,  1128.41,  429.53
2525,  1119.21,  425.61
2526,  1110.02,  421.68
2527,  1100.82,  417.75
2528,  1091.62,  413.82
2529,  1082.43,  409.90
2530,  1073.23,  405.97
2531,  1064.03,  402.04
2532,  1054.84,  398.11
2533,  1045.64,  394.19
2534,  1036.45,  390.26
2535,  1027.25,  386.33
2536,  1018.05,  382.41
2537,  1008.86,  378.48
2538,  999.66,  374.55
2539,  990.46,  370.62
2540,  981.27,  366.70
2541,  972.07,  362.77
2542,  962.87,  358.84
2543,  953.68,  354.91
2544,  944.48,  350.99
2545,  935.28,  347.06
2546,  926.09,  343.13
2547,  916.89,  339.20
2548,  907.69,  335.28
2549,  898.50,  331.35
2550,  889.30,  327.42
2551,  880.10,  323.50
2552,  870.91,  319.57
2553,  861.71,  315.64
2554,  852.51,  311.71
2555,  843.32,  307.79
2556,  834.12,  303.86
2557,  824.93,  299.93
2558,  815.73,  296.00
2559,  806.53,  292.08
2560,  797.34,  288.15
2561,  788.14,  284.22
2562,  778.94,  280.29
2563,  769.75,  276.37
2564,  760.55,  272.44
2565,  751.35,  268.51
2566,  742.16,  264.59
2567,  732.96,  260.66
2568,  723.76,  256.73
2569,  714.57,  252.80
2570,  705.37,  248.88
2571,  696.17,  244.95
2572,  686.98,  241.02
2573,  677.78,  237.09
2574,  668.58,  233.17
2575,  659.39,  229.24
2576,  650.19,  225.31
2577,  640.99,  221.38
2578,  631.80,  217.46
2579,  622.60,  213.53
2580,  613.41,  209.60
2581,  604.21,  205.68
2582,  595.01,  201.75
2583,  585.82,  197.82
2584,  576.62,  193.89
2585,  567.42,  189.97
2586,  558.23,  186.04
2587,  549.03,  182.11
2588,  539.83,  178.18
2589,  530.64,  174.26
2590,  521.44,  170.33
2591,  512.24,  166.40
2592,  503.05,  162.47
2593,  493.85,  158.55
2594,  484.65,  154.62
2595,  475.46,  150.69
2596,  466.26,  146.76
2597,  457.06,  142.84
2598,  447.87,  138.91
2599,  438.67,  134.98
2600,  429.48,  131.06
2601,  420.28,  127.13
2602,  411.08,  123.20
2603,  401.89,  119.27
2604,  392.69,  115.35
2605,  383.49,  111.42
2606,  374.30,  107.49
2607,  365.10,  103.56
2608,  355.90,  99.64
2609,  346.71,  95.71
2610,  337.51,  91.78
2611,  328.31,  87.85
2612,  319.12,  83.93
2613,  309.92,  80.00
2614,  300.72,  76.07
2615,  291.53,  72.15
2616,  282.33,  68.22
2617,  273.13,  64.29
2618,  263.94,  60.36
2619,  254.74,  56.44
2620,  245.54,  52.51
2621,  236.35,  48.58
2622,  227.15,  44.65
2623,  217.96,  40.73
2624,  208.76,  36.80
2625,  199.56,  32.87
2626,  190.37,  28.94
2627,  181.17,  25.02
2628,  171.97,  21.09
2629,  162.78,  17.16
2630,  153.58,  13.24
2631,  144.38,  9.31
2632,  135.19,  5.38
2633,  125.99,  9.31
2634,  116.79,  13.24
2635,  107.60,  17.16
2636,  98.40,  21.09
2637,  89.20,  25.02
2638,  80.01,  28.94
2639,  70.81,  32.87
2640,  61.61,  36.80
2641,  52.42,  40.73
2642,  43.22,  44.65
2643,  34.02,  48.58
2644,  24.83,  52.51
2645,  15.63,  56.44
2646,  6.44,  60.36
2647,  15.63,  64.29
2648,  24.83,  68.22
2649,  34.02,  72.15
2650,  43.22,  76.07
2651,  52.42,  80.00
2652,  61.61,  83.93
2653,  70.81,  87.85
2654,  80.01,  91.78
2655,  89.20,  95.71
2656,  98.40,  99.64
2657,  107.60,  103.56
2658,  116.79,  107.49
2659,  125.99,  111.42
2660,  135.19,  115.35
2661,  144.38,  119.27
2662,  153.58,  123.20
2663,  162.78,  127.13
2664,  171.97,  131.06
2665,  181.17,  134.98
2666,  190.37,  138.91
2667,  199.56,  142.84
2668,  208.76,  146.76
2669,  217.96,  150.69
2670,  227.15,  154.62
2671,  236.35,  158.55
2672,  245.54,  162.47
2673,  254.74,  166.40
2674,  263.94,  170.33
2675,  273.13,  174.26
2676,  282.33,  178.18
2677,  291.53,  182.11
2678,  300.72,  186.04
2679,  309.92,  189.97
2680,  319.12,  193.89
2681,  328.31,  197.82
2682,  337.51,  201.75
2683,  346.71,  205.68
2684,  355.90,  209.60
2685,  365.10,  213.53
2686,  374.30,  217.46
2687,  383.49,  221.38
2688,  392.69,  225.31
2689,  401.89,  229.24
2690,  411.08,  233.17
2691,  420.28,  237.09
2692,  429.48,  241.02
2693,  438.67,  244.95
2694,  447.87,  248.88
2695,  457.06,  252.80
2696,  466.26,  256.73
2697,  475.46,  260.66
2698,  484.65,  264.59
2699,  493.85,  268.51
2700,  503.05,  272.44
2701,  512.24,  276.37
2702,  521.44,  280.29
2703,  530.64,  284.22
2704,  539.83,  288.15
2705,  549.03,  292.08
2706,  558.23,  296.00
2707,  567.42,  299.93
2708,  576.62,  303.86
2709,  585.82,  307.79
2710,  595.01,  311.71
2711,  604.21,  315.64
2712,  613.41,  319.57
2713,  622.60,  323.50
2714,  631.80,  327.42
2715,  640.99,  331.35
2716,  650.19,  335.28
2717,  659.39,  339.20
2718,  668.58,  343.13
2719,  677.78,  347.06
2720,  686.98,  350.99
2721,  696.17,  354.91
2722,  705.37,  358.84
2723,  714.57,  362.77
2724,  723.76,  366.70
2725,  732.96,  370.62
2726,  742.16,  374.55
2727,  751.35,  378.48
2728,  760.55,  382.41
2729,  769.75,  386.33
2730,  778.94,  390.26
2731,  788.14,  394.19
2732,  797.34,  398.11
2733,  806.53,  402.04
2734,  815.73,  405.97
2735,  824.93,  409.90
2736,  834.12,  413.82
2737,  843.32,  417.75
