frame, x, y
0,  544.80,  247.07
1,  535.61,  243.15
2,  526.41,  239.22
3,  517.21,  235.29
4,  508.02,  231.37
5,  498.82,  227.44
6,  489.62,  223.52
7,  480.42,  219.59
8,  471.23,  215.66
9,  462.03,  211.74
10,  452.83,  207.81
11,  443.64,  203.88
12,  434.44,  199.96
13,  425.24,  196.03
14,  416.05,  192.10
15,  406.85,  188.18
16,  397.65,  184.25
17,  388.46,  180.32
18,  379.26,  176.40
19,  370.06,  172.47
20,  360.86,  168.55
21,  351.67,  164.62
22,  342.47,  160.69
23,  333.27,  156.77
24,  324.08,  152.84
25,  314.88,  148.91
26,  305.68,  144.99
27,  296.49,  141.06
28,  287.29,  137.13
29,  278.09,  133.21
30,  268.90,  129.28
31,  259.70,  125.35
32,  250.50,  121.43
33,  241.30,  117.50
34,  232.11,  113.58
35,  222.91,  109.65
36,  213.71,  105.72
37,  204.52,  101.80
38,  195.32,  97.87
39,  186.12,  93.94
40,  176.93,  90.02
41,  167.73,  86.09
42,  158.53,  82.16
43,  149.34,  78.24
44,  140.14,  74.31
45,  130.94,  70.39
46,  121.74,  66.46
47,  112.55,  62.53
48,  103.35,  58.61
49,  94.15,  54.68
50,  84.96,  50.75
51,  75.76,  46.83
52,  66.56,  42.90
53,  57.37,  38.97
54,  48.17,  35.05
55,  38.97,  31.12
56,  29.78,  27.19
57,  20.58,  23.27
58,  11.38,  19.34
59,  2.18,  15.42
60,  11.38,  11.49
61,  20.58,  7.56
62,  29.78,  11.49
63,  38.97,  15.42
64,  48.17,  19.34
65,  57.37,  23.27
66,  66.56,  27.19
67,  75.76,  31.12
68,  84.96,  35.05
69,  94.15,  38.97
70,  103.35,  42.90
71,  112.55,  46.83
72,  121.74,  50.75
73,  130.94,  54.68
74,  140.14,  58.61
75,  149.34,  62.53
76,  158.53,  66.46
77,  167.73,  70.39
78,  176.93,  74.31
79,  186.12,  78.24
80,  195.32,  82.16
81,  204.52,  86.09
82,  213.71,  90.02
83,  222.91,  93.94
84,  232.11,  97.87
85,  241.30,  101.80
86,  250.50,  105.72
87,  259.70,  109.65
88,  268.90,  113.58
89,  278.09,  117.50
90,  287.29,  121.43
91,  296.49,  125.35
92,  305.68,  129.28
93,  314.88,  133.21
94,  324.08,  137.13
95,  333.27,  141.06
96,  342.47,  144.99
97,  351.67,  148.91
98,  360.86,  152.84
99,  370.06,  156.77
100,  379.26,  160.69
101,  388.46,  164.62
102,  397.65,  168.55
103,  406.85,  172.47
104,  416.05,  176.40
105,  425.24,  180.32
106,  434.44,  184.25
107,  443.64,  188.18
108,  452.83,  192.10
109,  462.03,  196.03
110,  471.23,  199.96
111,  480.42,  203.88
112,  489.62,  207.81
113,  498.82,  211.74
114,  508.02,  215.66
115,  517.21,  219.59
116,  526.41,  223.52
117,  535.61,  227.44
118,  544.80,  231.37
119,  554.00,  235.29
120,  563.20,  239.22
121,  572.39,  243.15
122,  581.59,  247.07
123,  590.79,  251.00
124,  599.98,  254.93
125,  609.18,  258.85
126,  618.38,  262.78
127,  627.58,  266.71
128,  636.77,  270.63
129,  645.97,  274.56
130,  655.17,  278.48
131,  664.36,  282.41
132,  673.56,  286.34
133,  682.76,  290.26
134,  691.95,  294.19
135,  701.15,  298.12
136,  710.35,  302.04
137,  719.54,  305.97
138,  728.74,  309.90
139,  737.94,  313.82
140,  747.14,  317.75
141,  756.33,  321.68
142,  765.53,  325.60
143,  774.73,  329.53
144,  783.92,  333.45
145,  793.12,  337.38
146,  802.32,  341.31
147,  811.51,  345.23
148,  820.71,  349.16
149,  829.91,  353.09
150,  839.10,  357.01
151,  848.30,  360.94
152,  857.50,  364.87
153,  866.70,  368.79
154,  875.89,  372.72
155,  885.09,  376.65
156,  894.29,  380.57
157,  903.48,  384.50
158,  912.68,  388.42
159,  921.88,  392.35
160,  931.07,  396.28
161,  940.27,  400.20
162,  949.47,  404.13
163,  958.66,  408.06
164,  967.86,  411.98
165,  977.06,  415.91
166,  986.26,  419.84
167,  995.45,  423.76
168,  1004.65,  427.69
169,  1013.85,  431.61
170,  1023.04,  435.54
171,  1032.24,  439.47
172,  1041.44,  443.39
173,  1050.63,  447.32
174,  1059.83,  451.25
175,  1069.03,  455.17
176,  1078.22,  459.10
177,  1087.42,  463.03
178,  1096.62,  466.95
179,  1105.82,  470.88
180,  1115.01,  474.81
181,  1124.21,  478.73
182,  1133.41,  482.66
183,  1142.60,  486.58
184,  1151.80,  490.51
185,  1161.00,  494.44
186,  1170.19,  498.36
187,  1179.39,  502.29
188,  1188.59,  506.22
189,  1197.78,  510.14
190,  1206.98,  514.07
191,  1216.18,  518.00
192,  1225.38,  521.92
193,  1234.57,  525.85
194,  1243.77,  529.77
195,  1252.97,  533.70
196,  1262.16,  537.63
197,  1271.36,  541.55
198,  1280.56,  545.48
199,  1289.75,  549.41
200,  1298.95,  553.33
201,  1308.15,  557.26
202,  1317.34,  561.19
203,  1326.54,  565.11
204,  1335.74,  569.04
205,  1344.94,  572.97
206,  1354.13,  576.89
207,  1363.33,  580.82
208,  1372.53,  584.74
209,  1381.72,  588.67
210,  1390.92,  592.60
211,  1400.12,  596.52
212,  1409.31,  600.45
213,  1418.51,  604.38
214,  1427.71,  608.30
215,  1418.51,  612.23
216,  1409.31,  616.16
217,  1400.12,  620.08
218,  1390.92,  624.01
219,  1381.72,  627.94
220,  1372.53,  631.86
221,  1363.33,  635.79
222,  1354.13,  639.71
223,  1344.94,  643.64
224,  1335.74,  647.57
225,  1326.54,  651.49
226,  1317.34,  655.42
227,  1308.15,  659.35
228,  1298.95,  663.27
229,  1289.75,  667.20
230,  1280.56,  671.13
231,  1271.36,  675.05
232,  1262.16,  678.98
233,  1252.97,  682.90
234,  1243.77,  686.83
235,  1234.57,  690.76
236,  1225.38,  694.68
237,  1216.18,  698.61
238,  1206.98,  702.54
239,  1197.78,  706.46
240,  1188.59,  710.39
241,  1179.39,  714.32
242,  1170.19,  718.24
243,  1161.00,  722.17
244,  1151.80,  726.10
245,  1142.60,  730.02
246,  1133.41,  733.95
247,  1124.21,  737.87
248,  1115.01,  741.80
249,  1105.82,  745.73
250,  1096.62,  749.65
251,  1087.42,  753.58
252,  1078.22,  757.51
253,  1069.03,  761.43
254,  1059.83,  765.36
255,  1050.63,  769.29
256,  1041.44,  773.21
257,  1032.24,  777.14
258,  1023.04,  781.07
259,  1013.85,  784.99
260,  1004.65,  788.92
261,  995.45,  792.84
262,  986.26,  796.77
263,  977.06,  800.70
264,  967.86,  804.62
265,  958.66,  808.55
266,  949.47,  812.48
267,  940.27,  816.40
268,  931.07,  820.33
269,  921.88,  824.26
270,  912.68,  828.18
271,  903.48,  832.11
272,  894.29,  836.03
273,  885.09,  839.96
274,  875.89,  843.89
275,  866.70,  847.81
276,  857.50,  851.74
277,  848.30,  855.67
278,  839.10,  859.59
279,  829.91,  863.52
280,  820.71,  867.45
281,  811.51,  871.37
282,  802.32,  875.30
283,  793.12,  871.37
284,  783.92,  867.45
285,  774.73,  863.52
286,  765.53,  859.59
287,  756.33,  855.67
288,  747.14,  851.74
289,  737.94,  847.81
290,  728.74,  843.89
291,  719.54,  839.96
292,  710.35,  836.03
293,  701.15,  832.11
294,  691.95,  828.18
295,  682.76,  824.26
296,  673.56,  820.33
297,  664.36,  816.40
298,  655.17,  812.48
299,  645.97,  808.55
300,  636.77,  804.62
301,  627.58,  800.70
302,  618.38,  796.77
303,  609.18,  792.84
304,  599.98,  788.92
305,  590.79,  784.99
306,  581.59,  781.07
307,  572.39,  777.14
308,  563.20,  773.21
309,  554.00,  769.29
310,  544.80,  765.36
311,  535.61,  761.43
312,  526.41,  757.51
313,  517.21,  753.58
314,  508.02,  749.65
315,  498.82,  745.73
316,  489.62,  741.80
317,  480.42,  737.87
318,  471.23,  733.95
319,  462.03,  730.02
320,  452.83,  726.10
321,  443.64,  722.17
322,  434.44,  718.24
323,  425.24,  714.32
324,  416.05,  710.39
325,  406.85,  706.46
326,  397.65,  702.54
327,  388.46,  698.61
328,  379.26,  694.68
329,  370.06,  690.76
330,  360.86,  686.83
331,  351.67,  682.90
332,  342.47,  678.98
333,  333.27,  675.05
334,  324.08,  671.13
335,  314.88,  667.20
336,  305.68,  663.27
337,  296.49,  659.35
338,  287.29,  655.42
339,  278.09,  651.49
340,  268.90,  647.57
341,  259.70,  643.64
342,  250.50,  639.71
343,  241.30,  635.79
344,  232.11,  631.86
345,  222.91,  627.94
346,  213.71,  624.01
347,  204.52,  620.08
348,  195.32,  616.16
349,  186.12,  612.23
350,  176.93,  608.30
351,  167.73,  604.38
352,  158.53,  600.45
353,  149.34,  596.52
354,  140.14,  592.60
355,  130.94,  588.67
356,  121.74,  584.74
357,  112.55,  580.82
358,  103.35,  576.89
359,  94.15,  572.97
360,  84.96,  569.04
361,  75.76,  565.11
362,  66.56,  561.19
363,  57.37,  557.26
364,  48.17,  553.33
365,  38.97,  549.41
366,  29.78,  545.48
367,  20.58,  541.55
368,  11.38,  537.63
369,  2.18,  533.70
370,  11.38,  529.77
371,  20.58,  525.85
372,  29.78,  521.92
373,  38.97,  518.00
374,  48.17,  514.07
375,  57.37,  510.14
376,  66.56,  506.22
377,  75.76,  502.29
378,  84.96,  498.36
379,  94.15,  494.44
380,  103.35,  490.51
381,  112.55,  486.58
382,  121.74,  482.66
383,  130.94,  478.73
384,  140.14,  474.81
385,  149.34,  470.88
386,  158.53,  466.95
387,  167.73,  463.03
388,  176.93,  459.10
389,  186.12,  455.17
390,  195.32,  451.25
391,  204.52,  447.32
392,  213.71,  443.39
393,  222.91,  439.47
394,  232.11,  435.54
395,  241.30,  431.61
396,  250.50,  427.69
397,  259.70,  423.76
398,  268.90,  419.84
399,  278.09,  415.91
400,  287.29,  411.98
401,  296.49,  408.06
402,  305.68,  404.13
403,  314.88,  400.20
404,  324.08,  396.28
405,  333.27,  392.35
406,  342.47,  388.42
407,  351.67,  384.50
408,  360.86,  380.57
409,  370.06,  376.65
410,  379.26,  372.72
411,  388.46,  368.79
412,  397.65,  364.87
413,  406.85,  360.94
414,  416.05,  357.01
415,  425.24,  353.09
416,  434.44,  349.16
417,  443.64,  345.23
418,  452.83,  341.31
419,  462.03,  337.38
420,  471.23,  333.45
421,  480.42,  329.53
422,  489.62,  325.60
423,  498.82,  321.68
424,  508.02,  317.75
425,  517.21,  313.82
426,  526.41,  309.90
427,  535.61,  305.97
428,  544.80,  302.04
429,  554.00,  298.12
430,  563.20,  294.19
431,  572.39,  290.26
432,  581.59,  286.34
433,  590.79,  282.41
434,  599.98,  278.48
435,  609.18,  274.56
436,  618.38,  270.63
437,  627.58,  266.71
438,  636.77,  262.78
439,  645.97,  258.85
440,  655.17,  254.93
441,  664.36,  251.00
442,  673.56,  247.07
443,  682.76,  243.15
444,  691.95,  239.22
445,  701.15,  235.29
446,  710.35,  231.37
447,  719.54,  227.44
448,  728.74,  223.52
449,  737.94,  219.59
450,  747.14,  215.66
451,  756.33,  211.74
452,  765.53,  207.81
453,  774.73,  203.88
454,  783.92,  199.96
455,  793.12,  196.03
456,  802.32,  192.10
457,  811.51,  188.18
458,  820.71,  184.25
459,  829.91,  180.32
460,  839.10,  176.40
461,  848.30,  172.47
462,  857.50,  168.55
463,  866.70,  164.62
464,  875.89,  160.69
465,  885.09,  156.77
466,  894.29,  152.84
467,  903.48,  148.91
468,  912.68,  144.99
469,  921.88,  141.06
470,  931.07,  137.13
471,  940.27,  133.21
472,  949.47,  129.28
473,  958.66,  125.35
474,  967.86,  121.43
475,  977.06,  117.50
476,  986.26,  113.58
477,  995.45,  109.65
478,  1004.65,  105.72
479,  1013.85,  101.80
480,  1023.04,  97.87
481,  1032.24,  93.94
482,  1041.44,  90.02
483,  1050.63,  86.09
484,  1059.83,  82.16
485,  1069.03,  78.24
486,  1078.22,  74.31
487,  1087.42,  70.39
488,  1096.62,  66.46
489,  1105.82,  62.53
490,  1115.01,  58.61
491,  1124.21,  54.68
492,  1133.41,  50.75
493,  1142.60,  46.83
494,  1151.80,  42.90
495,  1161.00,  38.97
496,  1170.19,  35.05
497,  1179.39,  31.12
498,  1188.59,  27.19
499,  1197.78,  23.27
500,  1206.98,  19.34
501,  1216.18,  15.42
502,  1225.38,  11.49
503,  1234.57,  7.56
504,  1243.77,  11.49
505,  1252.97,  15.42
506,  1262.16,  19.34
507,  1271.36,  23.27
508,  1280.56,  27.19
509,  1289.75,  31.12
510,  1298.95,  35.05
511,  1308.15,  38.97
512,  1317.34,  42.90
513,  1326.54,  46.83
514,  1335.74,  50.75
515,  1344.94,  54.68
516,  1354.13,  58.61
517,  1363.33,  62.53
518,  1372.53,  66.46
519,  1381.72,  70.39
520,  1390.92,  74.31
521,  1400.12,  78.24
522,  1409.31,  82.16
523,  1418.51,  86.09
524,  1427.71,  90.02
525,  1418.51,  93.94
526,  1409.31,  97.87
527,  1400.12,  101.80
528,  1390.92,  105.72
529,  1381.72,  109.65
530,  1372.53,  113.58
531,  1363.33,  117.50
532,  1354.13,  121.43
533,  1344.94,  125.35
534,  1335.74,  129.28
535,  1326.54,  133.21
536,  1317.34,  137.13
537,  1308.15,  141.06
538,  1298.95,  144.99
539,  1289.75,  148.91
540,  1280.56,  152.84
541,  1271.36,  156.77
542,  1262.16,  160.69
543,  1252.97,  164.62
544,  1243.77,  168.55
545,  1234.57,  172.47
546,  1225.38,  176.40
547,  1216.18,  180.32
548,  1206.98,  184.25
549,  1197.78,  188.18
550,  1188.59,  192.10
551,  1179.39,  196.03
552,  1170.19,  199.96
553,  1161.00,  203.88
554,  1151.80,  207.81
555,  1142.60,  211.74
556,  1133.41,  215.66
557,  1124.21,  219.59
558,  1115.01,  223.52
559,  1105.82,  227.44
560,  1096.62,  231.37
561,  1087.42,  235.29
562,  1078.22,  239.22
563,  1069.03,  243.15
564,  1059.83,  247.07
565,  1050.63,  251.00
566,  1041.44,  254.93
567,  1032.24,  258.85
568,  1023.04,  262.78
569,  1013.85,  266.71
570,  1004.65,  270.63
571,  995.45,  274.56
572,  986.26,  278.48
573,  977.06,  282.41
574,  967.86,  286.34
575,  958.66,  290.26
576,  949.47,  294.19
577,  940.27,  298.12
578,  931.07,  302.04
579,  921.88,  305.97
580,  912.68,  309.90
581,  903.48,  313.82
582,  894.29,  317.75
583,  885.09,  321.68
584,  875.89,  325.60
585,  866.70,  329.53
586,  857.50,  333.45
587,  848.30,  337.38
588,  839.10,  341.31
589,  829.91,  345.23
590,  820.71,  349.16
591,  811.51,  353.09
592,  802.32,  357.01
593,  793.12,  360.94
594,  783.92,  364.87
595,  774.73,  368.79
596,  765.53,  372.72
597,  756.33,  376.65
598,  747.14,  380.57
599,  737.94,  384.50
600,  728.74,  388.42
601,  719.54,  392.35
602,  710.35,  396.28
603,  701.15,  400.20
604,  691.95,  404.13
605,  682.76,  408.06
606,  673.56,  411.98
607,  664.36,  415.91
608,  655.17,  419.84
609,  645.97,  423.76
610,  636.77,  427.69
611,  627.58,  431.61
612,  618.38,  435.54
613,  609.18,  439.47
614,  599.98,  443.39
615,  590.79,  447.32
616,  581.59,  451.25
617,  572.39,  455.17
618,  563.20,  459.10
619,  554.00,  463.03
620,  544.80,  466.95
621,  535.61,  470.88
622,  526.41,  474.81
623,  517.21,  478.73
624,  508.02,  482.66
625,  498.82,  486.58
626,  489.62,  490.51
627,  480.42,  494.44
628,  471.23,  498.36
629,  462.03,  502.29
630,  452.83,  506.22
631,  443.64,  510.14
632,  434.44,  514.07
633,  425.24,  518.00
634,  416.05,  521.92
635,  406.85,  525.85
636,  397.65,  529.77
637,  388.46,  533.70
638,  379.26,  537.63
639,  370.06,  541.55
640,  360.86,  545.48
641,  351.67,  549.41
642,  342.47,  553.33
643,  333.27,  557.26
644,  324.08,  561.19
645,  314.88,  565.11
646,  305.68,  569.04
647,  296.49,  572.97
648,  287.29,  576.89
649,  278.09,  580.82
650,  268.90,  584.74
651,  259.70,  588.67
652,  250.50,  592.60
653,  241.30,  596.52
654,  232.11,  600.45
655,  222.91,  604.38
656,  213.71,  608.30
657,  204.52,  612.23
658,  195.32,  616.16
659,  186.12,  620.08
660,  176.93,  624.01
661,  167.73,  627.94
662,  158.53,  631.86
663,  149.34,  635.79
664,  140.14,  639.71
665,  130.94,  643.64
666,  121.74,  647.57
667,  112.55,  651.49
668,  103.35,  655.42
669,  94.15,  659.35
670,  84.96,  663.27
671,  75.76,  667.20
672,  66.56,  671.13
673,  57.37,  675.05
674,  48.17,  678.98
675,  38.97,  682.90
676,  29.78,  686.83
677,  20.58,  690.76
678,  11.38,  694.68
679,  2.18,  698.61
680,  11.38,  702.54
681,  20.58,  706.46
682,  29.78,  710.39
683,  38.97,  714.32
684,  48.17,  718.24
685,  57.37,  722.17
686,  66.56,  726.10
687,  75.76,  730.02
688,  84.96,  733.95
689,  94.15,  737.87
690,  103.35,  741.80
691,  112.55,  745.73
692,  121.74,  749.65
693,  130.94,  753.58
694,  140.14,  757.51
695,  149.34,  761.43
696,  158.53,  765.36
697,  167.73,  769.29
698,  176.93,  773.21
699,  186.12,  777.14
700,  195.32,  781.07
701,  204.52,  784.99
702,  213.71,  788.92
703,  222.91,  792.84
704,  232.11,  796.77
705,  241.30,  800.70
706,  250.50,  804.62
707,  259.70,  808.55
708,  268.90,  812.48
709,  278.09,  816.40
710,  287.29,  820.33
711,  296.49,  824.26
712,  305.68,  828.18
713,  314.88,  832.11
714,  324.08,  836.03
715,  333.27,  839.96
716,  342.47,  843.89
717,  351.67,  847.81
718,  360.86,  851.74
719,  370.06,  855.67
720,  379.26,  859.59
721,  388.46,  863.52
722,  397.65,  867.45
723,  406.85,  871.37
724,  416.05,  875.30
725,  425.24,  871.37
726,  434.44,  867.45
727,  443.64,  863.52
728,  452.83,  859.59
729,  462.03,  855.67
730,  471.23,  851.74
731,  480.42,  847.81
732,  489.62,  843.89
733,  498.82,  839.96
734,  508.02,  836.03
735,  517.21,  832.11
736,  526.41,  828.18
737,  535.61,  824.26
738,  544.80,  820.33
739,  554.00,  816.40
740,  563.20,  812.48
741,  572.39,  808.55
742,  581.59,  804.62
743,  590.79,  800.70
744,  599.98,  796.77
745,  609.18,  792.84
746,  618.38,  788.92
747,  627.58,  784.99
748,  636.77,  781.07
749,  645.97,  777.14
750,  655.17,  773.21
751,  664.36,  769.29
752,  673.56,  765.36
753,  682.76,  761.43
754,  691.95,  757.51
755,  701.15,  753.58
756,  710.35,  749.65
757,  719.54,  745.73
758,  728.74,  741.80
759,  737.94,  737.87
760,  747.14,  733.95
761,  756.33,  730.02
762,  765.53,  726.10
763,  774.73,  722.17
764,  783.92,  718.24
765,  793.12,  714.32
766,  802.32,  710.39
767,  811.51,  706.46
768,  820.71,  702.54
769,  829.91,  698.61
770,  839.10,  694.68
771,  848.30,  690.76
772,  857.50,  686.83
773,  866.70,  682.90
774,  875.89,  678.98
775,  885.09,  675.05
776,  894.29,  671.13
777,  903.48,  667.20
778,  912.68,  663.27
779,  921.88,  659.35
780,  931.07,  655.42
781,  940.27,  651.49
782,  949.47,  647.57
783,  958.66,  643.64
784,  967.86,  639.71
785,  977.06,  635.79
786,  986.26,  631.86
787,  995.45,  627.94
788,  1004.65,  624.01
789,  1013.85,  620.08
790,  1023.04,  616.16
791,  1032.24,  612.23
792,  1041.44,  608.30
793,  1050.63,  604.38
794,  1059.83,  600.45
795,  1069.03,  596.52
796,  1078.22,  592.60
797,  1087.42,  588.67
798,  1096.62,  584.74
799,  1105.82,  580.82
800,  1115.01,  576.89
801,  1124.21,  572.97
802,  1133.41,  569.04
803,  1142.60,  565.11
804,  1151.80,  561.19
805,  1161.00,  557.26
806,  1170.19,  553.33
807,  1179.39,  549.41
808,  1188.59,  545.48
809,  1197.78,  541.55
810,  1206.98,  537.63
811,  1216.18,  533.70
812,  1225.38,  529.77
813,  1234.57,  525.85
814,  1243.77,  521.92
815,  1252.97,  518.00
816,  1262.16,  514.07
817,  1271.36,  510.14
818,  1280.56,  506.22
819,  1289.75,  502.29
820,  1298.95,  498.36
821,  1308.15,  494.44
822,  1317.34,  490.51
823,  1326.54,  486.58
824,  1335.74,  482.66
825,  1344.94,  478.73
826,  1354.13,  474.81
827,  1363.33,  470.88
828,  1372.53,  466.95
829,  1381.72,  463.03
830,  1390.92,  459.10
831,  1400.12,  455.17
832,  1409.31,  451.25
833,  1418.51,  447.32
834,  1427.71,  443.39
835,  1418.51,  439.47
836,  1409.31,  435.54
837,  1400.12,  431.61
838,  1390.92,  427.69
839,  1381.72,  423.76
840,  1372.53,  419.84
841,  1363.33,  415.91
842,  1354.13,  411.98
843,  1344.94,  408.06
844,  1335.74,  404.13
845,  1326.54,  400.20
846,  1317.34,  396.28
847,  1308.15,  392.35
848,  1298.95,  388.42
849,  1289.75,  384.50
850,  1280.56,  380.57
851,  1271.36,  376.65
852,  1262.16,  372.72
853,  1252.97,  368.79
854,  1243.77,  364.87
855,  1234.57,  360.94
856,  1225.38,  357.01
857,  1216.18,  353.09
858,  1206.98,  349.16
859,  1197.78,  345.23
860,  1188.59,  341.31
861,  1179.39,  337.38
862,  1170.19,  333.45
863,  1161.00,  329.53
864,  1151.80,  325.60
865,  1142.60,  321.68
866,  1133.41,  317.75
867,  1124.21,  313.82
868,  1115.01,  309.90
869,  1105.82,  305.97
870,  1096.62,  302.04
871,  1087.42,  298.12
872,  1078.22,  294.19
873,  1069.03,  290.26
874,  1059.83,  286.34
875,  1050.63,  282.41
876,  1041.44,  278.48
877,  1032.24,  274.56
878,  1023.04,  270.63
879,  1013.85,  266.71
880,  1004.65,  262.78
881,  995.45,  258.85
882,  986.26,  254.93
883,  977.06,  251.00
884,  967.86,  247.07
885,  958.66,  243.15
886,  949.47,  239.22
887,  940.27,  235.29
888,  931.07,  231.37
889,  921.88,  227.44
890,  912.68,  223.52
891,  903.48,  219.59
892,  894.29,  215.66
893,  885.09,  211.74
894,  875.89,  207.81
895,  866.70,  203.88
896,  857.50,  199.96
897,  848.30,  196.03
898,  839.10,  192.10
899,  829.91,  188.18
900,  820.71,  184.25
901,  811.51,  180.32
902,  802.32,  176.40
903,  793.12,  172.47
904,  783.92,  168.55
905,  774.73,  164.62
906,  765.53,  160.69
907,  756.33,  156.77
908,  747.14,  152.84
909,  737.94,  148.91
910,  728.74,  144.99
911,  719.54,  141.06
912,  710.35,  137.13
913,  701.15,  133.21
914,  691.95,  129.28
915,  682.76,  125.35
916,  673.56,  121.43
917,  664.36,  117.50
918,  655.17,  113.58
919,  645.97,  109.65
920,  636.77,  105.72
921,  627.58,  101.80
922,  618.38,  97.87
923,  609.18,  93.94
924,  599.98,  90.02
925,  590.79,  86.09
926,  581.59,  82.16
927,  572.39,  78.24
928,  563.20,  74.31
929,  554.00,  70.39
930,  544.80,  66.46
931,  535.61,  62.53
932,  526.41,  58.61
933,  517.21,  54.68
934,  508.02,  50.75
935,  498.82,  46.83
936,  489.62,  42.90
937,  480.42,  38.97
938,  471.23,  35.05
939,  462.03,  31.12
940,  452.83,  27.19
941,  443.64,  23.27
942,  434.44,  19.34
943,  425.24,  15.42
944,  416.05,  11.49
945,  406.85,  7.56
946,  397.65,  11.49
947,  388.46,  15.42
948,  379.26,  19.34
949,  370.06,  23.27
950,  360.86,  27.19
951,  351.67,  31.12
952,  342.47,  35.05
953,  333.27,  38.97
954,  324.08,  42.90
955,  314.88,  46.83
956,  305.68,  50.75
957,  296.49,  54.68
958,  287.29,  58.61
959,  278.09,  62.53
960,  268.90,  66.46
961,  259.70,  70.39
962,  250.50,  74.31
963,  241.30,  78.24
964,  232.11,  82.16
965,  222.91,  86.09
966,  213.71,  90.02
967,  204.52,  93.94
968,  195.32,  97.87
969,  186.12,  101.80
970,  176.93,  105.72
971,  167.73,  109.65
972,  158.53,  113.58
973,  149.34,  117.50
974,  140.14,  121.43
975,  130.94,  125.35
976,  121.74,  129.28
977,  112.55,  133.21
978,  103.35,  137.13
979,  94.15,  141.06
980,  84.96,  144.99
981,  75.76,  148.91
982,  66.56,  152.84
983,  57.37,  156.77
984,  48.17,  160.69
985,  38.97,  164.62
986,  29.78,  168.55
987,  20.58,  172.47
988,  11.38,  176.40
989,  2.18,  180.32
990,  11.38,  184.25
991,  20.58,  188.18
992,  29.78,  192.10
993,  38.97,  196.03
994,  48.17,  199.96
995,  57.37,  203.88
996,  66.56,  207.81
997,  75.76,  211.74
998,  84.96,  215.66
999,  94.15,  219.59
1000,  103.35,  223.52
1001,  112.55,  227.44
1002,  121.74,  231.37
1003,  130.94,  235.29
1004,  140.14,  239.22
1005,  149.34,  243.15
1006,  158.53,  247.07
1007,  167.73,  251.00
1008,  176.93,  254.93
1009,  186.12,  258.85
1010,  195.32,  262.78
1011,  204.52,  266.71
1012,  213.71,  270.63
1013,  222.91,  274.56
1014,  232.11,  278.48
1015,  241.30,  282.41
1016,  250.50,  286.34
1017,  259.70,  290.26
1018,  268.90,  294.19
1019,  278.09,  298.12
1020,  287.29,  302.04
1021,  296.49,  305.97
1022,  305.68,  309.90
1023,  314.88,  313.82
1024,  324.08,  317.75
1025,  333.27,  321.68
1026,  342.47,  325.60
1027,  351.67,  329.53
1028,  360.86,  333.45
1029,  370.06,  337.38
1030,  379.26,  341.31
1031,  388.46,  345.23
1032,  397.65,  349.16
1033,  406.85,  353.09
1034,  416.05,  357.01
1035,  425.24,  360.94
1036,  434.44,  364.87
1037,  443.64,  368.79
1038,  452.83,  372.72
1039,  462.03,  376.65
1040,  471.23,  380.57
1041,  480.42,  384.50
1042,  489.62,  388.42
1043,  498.82,  392.35
1044,  508.02,  396.28
1045,  517.21,  400.20
1046,  526.41,  404.13
1047,  535.61,  408.06
1048,  544.80,  411.98
1049,  554.00,  415.91
1050,  563.20,  419.84
1051,  572.39,  423.76
1052,  581.59,  427.69
1053,  590.79,  431.61
1054,  599.98,  435.54
1055,  609.18,  439.47
1056,  618.38,  443.39
1057,  627.58,  447.32
1058,  636.77,  451.25
1059,  645.97,  455.17
1060,  655.17,  459.10
1061,  664.36,  463.03
1062,  673.56,  466.95
1063,  682.76,  470.88
1064,  691.95,  474.81
1065,  701.15,  478.73
1066,  710.35,  482.66
1067,  719.54,  486.58
1068,  728.74,  490.51
1069,  737.94,  494.44
1070,  747.14,  498.36
1071,  756.33,  502.29
1072,  765.53,  506.22
1073,  774.73,  510.14
1074,  783.92,  514.07
1075,  793.12,  518.00
1076,  802.32,  521.92
1077,  811.51,  525.85
1078,  820.71,  529.77
1079,  829.91,  533.70
1080,  839.10,  537.63
1081,  848.30,  541.55
1082,  857.50,  545.48
1083,  866.70,  549.41
1084,  875.89,  553.33
1085,  885.09,  557.26
1086,  894.29,  561.19
1087,  903.48,  565.11
1088,  912.68,  569.04
1089,  921.88,  572.97
1090,  931.07,  576.89
1091,  940.27,  580.82
1092,  949.47,  584.74
1093,  958.66,  588.67
1094,  967.86,  592.60
1095,  977.06,  596.52
1096,  986.26,  600.45
1097,  995.45,  604.38
1098,  1004.65,  608.30
1099,  1013.85,  612.23
1100,  1023.04,  616.16
1101,  1032.24,  620.08
1102,  1041.44,  624.01
1103,  1050.63,  627.94
1104,  1059.83,  631.86
1105,  1069.03,  635.79
1106,  1078.22,  639.71
1107,  1087.42,  643.64
1108,  1096.62,  647.57
1109,  1105.82,  651.49
1110,  1115.01,  655.42
1111,  1124.21,  659.35
1112,  1133.41,  663.27
1113,  1142.60,  667.20
1114,  1151.80,  671.13
1115,  1161.00,  675.05
1116,  1170.19,  678.98
1117,  1179.39,  682.90
1118,  1188.59,  686.83
1119,  1197.78,  690.76
1120,  1206.98,  694.68
1121,  1216.18,  698.61
1122,  1225.38,  702.54
1123,  1234.57,  706.46
1124,  1243.77,  710.39
1125,  1252.97,  714.32
1126,  1262.16,  718.24
1127,  1271.36,  722.17
1128,  1280.56,  726.10
1129,  1289.75,  730.02
1130,  1298.95,  733.95
1131,  1308.15,  737.87
1132,  1317.34,  741.80
1133,  1326.54,  745.73
1134,  1335.74,  749.65
1135,  1344.94,  753.58
1136,  1354.13,  757.51
1137,  1363.33,  761.43
1138,  1372.53,  765.36
1139,  1381.72,  769.29
1140,  1390.92,  773.21
1141,  1400.12,  777.14
1142,  1409.31,  781.07
1143,  1418.51,  784.99
1144,  1427.71,  788.92
1145,  1418.51,  792.84
1146,  1409.31,  796.77
1147,  1400.12,  800.70
1148,  1390.92,  804.62
1149,  1381.72,  808.55
1150,  1372.53,  812.48
1151,  1363.33,  816.40
1152,  1354.13,  820.33
1153,  1344.94,  824.26
1154,  1335.74,  828.18
1155,  1326.54,  832.11
1156,  1317.34,  836.03
1157,  1308.15,  839.96
1158,  1298.95,  843.89
1159,  1289.75,  847.81
1160,  1280.56,  851.74
1161,  1271.36,  855.67
1162,  1262.16,  859.59
1163,  1252.97,  863.52
1164,  1243.77,  867.45
1165,  1234.57,  871.37
1166,  1225.38,  875.30
1167,  1216.18,  871.37
1168,  1206.98,  867.45
1169,  1197.78,  863.52
1170,  1188.59,  859.59
1171,  1179.39,  855.67
1172,  1170.19,  851.74
1173,  1161.00,  847.81
1174,  1151.80,  843.89
1175,  1142.60,  839.96
1176,  1133.41,  836.03
1177,  1124.21,  832.11
1178,  1115.01,  828.18
1179,  1105.82,  824.26
1180,  1096.62,  820.33
1181,  1087.42,  816.40
1182,  1078.22,  812.48
1183,  1069.03,  808.55
1184,  1059.83,  804.62
1185,  1050.63,  800.70
1186,  1041.44,  796.77
1187,  1032.24,  792.84
1188,  1023.04,  788.92
1189,  1013.85,  784.99
1190,  1004.65,  781.07
1191,  995.45,  777.14
1192,  986.26,  773.21
1193,  977.06,  769.29
1194,  967.86,  765.36
1195,  958.66,  761.43
1196,  949.47,  757.51
1197,  940.27,  753.58
1198,  931.07,  749.65
1199,  921.88,  745.73
1200,  912.68,  741.80
1201,  903.48,  737.87
1202,  894.29,  733.95
1203,  885.09,  730.02
1204,  875.89,  726.10
1205,  866.70,  722.17
1206,  857.50,  718.24
1207,  848.30,  714.32
1208,  839.10,  710.39
1209,  829.91,  706.46
1210,  820.71,  702.54
1211,  811.51,  698.61
1212,  802.32,  694.68
1213,  793.12,  690.76
1214,  783.92,  686.83
1215,  774.73,  682.90
1216,  765.53,  678.98
1217,  756.33,  675.05
1218,  747.14,  671.13
1219,  737.94,  667.20
1220,  728.74,  663.27
1221,  719.54,  659.35
1222,  710.35,  655.42
1223,  701.15,  651.49
1224,  691.95,  647.57
1225,  682.76,  643.64
1226,  673.56,  639.71
1227,  664.36,  635.79
1228,  655.17,  631.86
1229,  645.97,  627.94
1230,  636.77,  624.01
1231,  627.58,  620.08
1232,  618.38,  616.16
1233,  609.18,  612.23
1234,  599.98,  608.30
1235,  590.79,  604.38
1236,  581.59,  600.45
1237,  572.39,  596.52
1238,  563.20,  592.60
1239,  554.00,  588.67
1240,  544.80,  584.74
1241,  535.61,  580.82
1242,  526.41,  576.89
1243,  517.21,  572.97
1244,  508.02,  569.04
1245,  498.82,  565.11
1246,  489.62,  561.19
1247,  480.42,  557.26
1248,  471.23,  553.33
1249,  462.03,  549.41
1250,  452.83,  545.48
1251,  443.64,  541.55
1252,  434.44,  537.63
1253,  425.24,  533.70
1254,  416.05,  529.77
1255,  406.85,  525.85
1256,  397.65,  521.92
1257,  388.46,  518.00
1258,  379.26,  514.07
1259,  370.06,  510.14
1260,  360.86,  506.22
1261,  351.67,  502.29
1262,  342.47,  498.36
1263,  333.27,  494.44
1264,  324.08,  490.51
1265,  314.88,  486.58
1266,  305.68,  482.66
1267,  296.49,  478.73
1268,  287.29,  474.81
1269,  278.09,  470.88
1270,  268.90,  466.95
1271,  259.70,  463.03
1272,  250.50,  459.10
1273,  241.30,  455.17
1274,  232.11,  451.25
1275,  222.91,  447.32
1276,  213.71,  443.39
1277,  204.52,  439.47
1278,  195.32,  435.54
1279,  186.12,  431.61
1280,  176.93,  427.69
1281,  167.73,  423.76
1282,  158.53,  419.84
1283,  149.34,  415.91
1284,  140.14,  411.98
1285,  130.94,  408.06
1286,  121.74,  404.13
1287,  112.55,  400.20
1288,  103.35,  396.28
1289,  94.15,  392.35
1290,  84.96,  388.42
1291,  75.76,  384.50
1292,  66.56,  380.57
1293,  57.37,  376.65
1294,  48.17,  372.72
1295,  38.97,  368.79
1296,  29.78,  364.87
1297,  20.58,  360.94
1298,  11.38,  357.01
1299,  2.18,  353.09
1300,  11.38,  349.16
1301,  20.58,  345.23
1302,  29.78,  341.31
1303,  38.97,  337.38
1304,  48.17,  333.45
1305,  57.37,  329.53
1306,  66.56,  325.60
1307,  75.76,  321.68
1308,  84.96,  317.75
1309,  94.15,  313.82
1310,  103.35,  309.90
1311,  112.55,  305.97
1312,  121.74,  302.04
1313,  130.94,  298.12
1314,  140.14,  294.19
1315,  149.34,  290.26
1316,  158.53,  286.34
1317,  167.73,  282.41
1318,  176.93,  278.48
1319,  186.12,  274.56
1320,  195.32,  270.63
1321,  204.52,  266.71
1322,  213.71,  262.78
1323,  222.91,  258.85
1324,  232.11,  254.93
1325,  241.30,  251.00
1326,  250.50,  247.07
1327,  259.70,  243.15
1328,  268.90,  239.22
1329,  278.09,  235.29
1330,  287.29,  231.37
1331,  296.49,  227.44
1332,  305.68,  223.52
1333,  314.88,  219.59
1334,  324.08,  215.66
1335,  333.27,  211.74
1336,  342.47,  207.81
1337,  351.67,  203.88
1338,  360.86,  199.96
1339,  370.06,  196.03
1340,  379.26,  192.10
1341,  388.46,  188.18
1342,  397.65,  184.25
1343,  406.85,  180.32
1344,  416.05,  176.40
1345,  425.24,  172.47
1346,  434.44,  168.55
1347,  443.64,  164.62
1348,  452.83,  160.69
1349,  462.03,  156.77
1350,  471.23,  152.84
1351,  480.42,  148.91
1352,  489.62,  144.99
1353,  498.82,  141.06
1354,  508.02,  137.13
1355,  517.21,  133.21
1356,  526.41,  129.28
1357,  535.61,  125.35
1358,  544.80,  121.43
1359,  554.00,  117.50
1360,  563.20,  113.58
1361,  572.39,  109.65
1362,  581.59,  105.72
1363,  590.79,  101.80
1364,  599.98,  97.87
1365,  609.18,  93.94
1366,  618.38,  90.02
1367,  627.58,  86.09
1368,  636.77,  82.16
1369,  645.97,  78.24
1370,  655.17,  74.31
1371,  664.36,  70.39
1372,  673.56,  66.46
1373,  682.76,  62.53
1374,  691.95,  58.61
1375,  701.15,  54.68
1376,  710.35,  50.75
1377,  719.54,  46.83
1378,  728.74,  42.90
1379,  737.94,  38.97
1380,  747.14,  35.05
1381,  756.33,  31.12
1382,  765.53,  27.19
1383,  774.73,  23.27
1384,  783.92,  19.34
1385,  793.12,  15.42
1386,  802.32,  11.49
1387,  811.51,  7.56
1388,  820.71,  11.49
1389,  829.91,  15.42
1390,  839.10,  19.34
1391,  848.30,  23.27
1392,  857.50,  27.19
1393,  866.70,  31.12
1394,  875.89,  35.05
1395,  885.09,  38.97
1396,  894.29,  42.90
1397,  903.48,  46.83
1398,  912.68,  50.75
1399,  921.88,  54.68
1400,  931.07,  58.61
1401,  940.27,  62.53
1402,  949.47,  66.46
1403,  958.66,  70.39
1404,  967.86,  74.31
1405,  977.06,  78.24
1406,  986.26,  82.16
1407,  995.45,  86.09
1408,  1004.65,  90.02
1409,  1013.85,  93.94
1410,  1023.04,  97.87
1411,  1032.24,  101.80
1412,  1041.44,  105.72
1413,  1050.63,  109.65
1414,  1059.83,  113.58
1415,  1069.03,  117.50
1416,  1078.22,  121.43
1417,  1087.42,  125.35
1418,  1096.62,  129.28
1419,  1105.82,  133.21
1420,  1115.01,  137.13
1421,  1124.21,  141.06
1422,  1133.41,  144.99
1423,  1142.60,  148.91
1424,  1151.80,  152.84
1425,  1161.00,  156.77
1426,  1170.19,  160.69
1427,  1179.39,  164.62
1428,  1188.59,  168.55
1429,  1197.78,  172.47
1430,  1206.98,  176.40
1431,  1216.18,  180.32
1432,  1225.38,  184.25
1433,  1234.57,  188.18
1434,  1243.77,  192.10
1435,  1252.97,  196.03
1436,  1262.16,  199.96
1437,  1271.36,  203.88
1438,  1280.56,  207.81
1439,  1289.75,  211.74
1440,  1298.95,  215.66
1441,  1308.15,  219.59
1442,  1317.34,  223.52
1443,  1326.54,  227.44
1444,  1335.74,  231.37
1445,  1344.94,  235.29
1446,  1354.13,  239.22
1447,  1363.33,  243.15
1448,  1372.53,  247.07
1449,  1381.72,  251.00
1450,  1390.92,  254.93
1451,  1400.12,  258.85
1452,  1409.31,  262.78
1453,  1418.51,  266.71
1454,  1427.71,  270.63
1455,  1418.51,  274.56
1456,  1409.31,  278.48
1457,  1400.12,  282.41
1458,  1390.92,  286.34
1459,  1381.72,  290.26
1460,  1372.53,  294.19
1461,  1363.33,  298.12
1462,  1354.13,  302.04
1463,  1344.94,  305.97
1464,  1335.74,  309.90
1465,  1326.54,  313.82
1466,  1317.34,  317.75
1467,  1308.15,  321.68
1468,  1298.95,  325.60
1469,  1289.75,  329.53
1470,  1280.56,  333.45
1471,  1271.36,  337.38
1472,  1262.16,  341.31
1473,  1252.97,  345.23
1474,  1243.77,  349.16
1475,  1234.57,  353.09
1476,  1225.38,  357.01
1477,  1216.18,  360.94
1478,  1206.98,  364.87
1479,  1197.78,  368.79
1480,  1188.59,  372.72
1481,  1179.39,  376.65
1482,  1170.19,  380.57
1483,  1161.00,  384.50
1484,  1151.80,  388.42
1485,  1142.60,  392.35
1486,  1133.41,  396.28
1487,  1124.21,  400.20
1488,  1115.01,  404.13
1489,  1105.82,  408.06
1490,  1096.62,  411.98
1491,  1087.42,  415.91
1492,  1078.22,  419.84
1493,  1069.03,  423.76
1494,  1059.83,  427.69
1495,  1050.63,  431.61
1496,  1041.44,  435.54
1497,  1032.24,  439.47
1498,  1023.04,  443.39
1499,  1013.85,  447.32
1500,  1004.65,  451.25
1501,  995.45,  455.17
1502,  986.26,  459.10
1503,  977.06,  463.03
1504,  967.86,  466.95
1505,  958.66,  470.88
1506,  949.47,  474.81
1507,  940.27,  478.73
1508,  931.07,  482.66
1509,  921.88,  486.58
1510,  912.68,  490.51
1511,  903.48,  494.44
1512,  894.29,  498.36
1513,  885.09,  502.29
1514,  875.89,  506.22
1515,  866.70,  510.14
1516,  857.50,  514.07
1517,  848.30,  518.00
1518,  839.10,  521.92
1519,  829.91,  525.85
1520,  820.71,  529.77
1521,  811.51,  533.70
1522,  802.32,  537.63
1523,  793.12,  541.55
1524,  783.92,  545.48
1525,  774.73,  549.41
1526,  765.53,  553.33
1527,  756.33,  557.26
1528,  747.14,  561.19
1529,  737.94,  565.11
1530,  728.74,  569.04
1531,  719.54,  572.97
1532,  710.35,  576.89
1533,  701.15,  580.82
1534,  691.95,  584.74
1535,  682.76,  588.67
1536,  673.56,  592.60
1537,  664.36,  596.52
1538,  655.17,  600.45
1539,  645.97,  604.38
1540,  636.77,  608.30
1541,  627.58,  612.23
1542,  618.38,  616.16
1543,  609.18,  620.08
1544,  599.98,  624.01
1545,  590.79,  627.94
1546,  581.59,  631.86
1547,  572.39,  635.79
1548,  563.20,  639.71
1549,  554.00,  643.64
1550,  544.80,  647.57
1551,  535.61,  651.49
1552,  526.41,  655.42
1553,  517.21,  659.35
1554,  508.02,  663.27
1555,  498.82,  667.20
1556,  489.62,  671.13
1557,  480.42,  675.05
1558,  471.23,  678.98
1559,  462.03,  682.90
1560,  452.83,  686.83
1561,  443.64,  690.76
1562,  434.44,  694.68
1563,  425.24,  698.61
1564,  416.05,  702.54
1565,  406.85,  706.46
1566,  397.65,  710.39
1567,  388.46,  714.32
1568,  379.26,  718.24
1569,  370.06,  722.17
1570,  360.86,  726.10
1571,  351.67,  730.02
1572,  342.47,  733.95
1573,  333.27,  737.87
1574,  324.08,  741.80
1575,  314.88,  745.73
1576,  305.68,  749.65
1577,  296.49,  753.58
1578,  287.29,  757.51
1579,  278.09,  761.43
1580,  268.90,  765.36
1581,  259.70,  769.29
1582,  250.50,  773.21
1583,  241.30,  777.14
1584,  232.11,  781.07
1585,  222.91,  784.99
1586,  213.71,  788.92
1587,  204.52,  792.84
1588,  195.32,  796.77
1589,  186.12,  800.70
1590,  176.93,  804.62
1591,  167.73,  808.55
1592,  158.53,  812.48
1593,  149.34,  816.40
1594,  140.14,  820.33
1595,  130.94,  824.26
1596,  121.74,  828.18
1597,  112.55,  832.11
1598,  103.35,  836.03
1599,  94.15,  839.96
1600,  84.96,  843.89
1601,  75.76,  847.81
1602,  66.56,  851.74
1603,  57.37,  855.67
1604,  48.17,  859.59
1605,  38.97,  863.52
1606,  29.78,  867.45
1607,  20.58,  871.37
1608,  11.38,  875.30
1609,  2.18,  871.37
1610,  11.38,  867.45
1611,  20.58,  863.52
1612,  29.78,  859.59
1613,  38.97,  855.67
1614,  48.17,  851.74
1615,  57.37,  847.81
1616,  66.56,  843.89
1617,  75.76,  839.96
1618,  84.96,  836.03
1619,  94.15,  832.11
1620,  103.35,  828.18
1621,  112.55,  824.26
1622,  121.74,  820.33
1623,  130.94,  816.40
1624,  140.14,  812.48
1625,  149.34,  808.55
1626,  158.53,  804.62
1627,  167.73,  800.70
1628,  176.93,  796.77
1629,  186.12,  792.84
1630,  195.32,  788.92
1631,  204.52,  784.99
1632,  213.71,  781.07
1633,  222.91,  777.14
1634,  232.11,  773.21
1635,  241.30,  769.29
1636,  250.50,  765.36
1637,  259.70,  761.43
1638,  268.90,  757.51
1639,  278.09,  753.58
1640,  287.29,  749.65
1641,  296.49,  745.73
1642,  305.68,  741.80
1643,  314.88,  737.87
1644,  324.08,  733.95
1645,  333.27,  730.02
1646,  342.47,  726.10
1647,  351.67,  722.17
1648,  360.86,  718.24
1649,  370.06,  714.32
1650,  379.26,  710.39
1651,  388.46,  706.46
1652,  397.65,  702.54
1653,  406.85,  698.61
1654,  416.05,  694.68
1655,  425.24,  690.76
1656,  434.44,  686.83
1657,  443.64,  682.90
1658,  452.83,  678.98
1659,  462.03,  675.05
1660,  471.23,  671.13
1661,  480.42,  667.20
1662,  489.62,  663.27
1663,  498.82,  659.35
1664,  508.02,  655.42
1665,  517.21,  651.49
1666,  526.41,  647.57
1667,  535.61,  643.64
1668,  544.80,  639.71
1669,  554.00,  635.79
1670,  563.20,  631.86
1671,  572.39,  627.94
1672,  581.59,  624.01
1673,  590.79,  620.08
1674,  599.98,  616.16
1675,  609.18,  612.23
1676,  618.38,  608.30
1677,  627.58,  604.38
1678,  636.77,  600.45
1679,  645.97,  596.52
1680,  655.17,  592.60
1681,  664.36,  588.67
1682,  673.56,  584.74
1683,  682.76,  580.82
1684,  691.95,  576.89
1685,  701.15,  572.97
1686,  710.35,  569.04
1687,  719.54,  565.11
1688,  728.74,  561.19
1689,  737.94,  557.26
1690,  747.14,  553.33
1691,  756.33,  549.41
1692,  765.53,  545.48
1693,  774.73,  541.55
1694,  783.92,  537.63
1695,  793.12,  533.70
1696,  802.32,  529.77
1697,  811.51,  525.85
1698,  820.71,  521.92
1699,  829.91,  518.00
1700,  839.10,  514.07
1701,  848.30,  510.14
1702,  857.50,  506.22
1703,  866.70,  502.29
1704,  875.89,  498.36
1705,  885.09,  494.44
1706,  894.29,  490.51
1707,  903.48,  486.58
1708,  912.68,  482.66
1709,  921.88,  478.73
1710,  931.07,  474.81
1711,  940.27,  470.88
1712,  949.47,  466.95
1713,  958.66,  463.03
1714,  967.86,  459.10
1715,  977.06,  455.17
1716,  986.26,  451.25
1717,  995.45,  447.32
1718,  1004.65,  443.39
1719,  1013.85,  439.47
1720,  1023.04,  435.54
1721,  1032.24,  431.61
1722,  1041.44,  427.69
1723,  1050.63,  423.76
1724,  1059.83,  419.84
1725,  1069.03,  415.91
1726,  1078.22,  411.98
1727,  1087.42,  408.06
1728,  1096.62,  404.13
1729,  1105.82,  400.20
1730,  1115.01,  396.28
1731,  1124.21,  392.35
1732,  1133.41,  388.42
1733,  1142.60,  384.50
1734,  1151.80,  380.57
1735,  1161.00,  376.65
1736,  1170.19,  372.72
1737,  1179.39,  368.79
1738,  1188.59,  364.87
1739,  1197.78,  360.94
1740,  1206.98,  357.01
1741,  1216.18,  353.09
1742,  1225.38,  349.16
1743,  1234.57,  345.23
1744,  1243.77,  341.31
1745,  1252.97,  337.38
1746,  1262.16,  333.45
1747,  1271.36,  329.53
1748,  1280.56,  325.60
1749,  1289.75,  321.68
1750,  1298.95,  317.75
1751,  1308.15,  313.82
1752,  1317.34,  309.90
1753,  1326.54,  305.97
1754,  1335.74,  302.04
1755,  1344.94,  298.12
1756,  1354.13,  294.19
1757,  1363.33,  290.26
1758,  1372.53,  286.34
1759,  1381.72,  282.41
1760,  1390.92,  278.48
1761,  1400.12,  274.56
1762,  1409.31,  270.63
1763,  1418.51,  266.71
1764,  1427.71,  262.78
1765,  1418.51,  258.85
1766,  1409.31,  254.93
1767,  1400.12,  251.00
1768,  1390.92,  247.07
1769,  1381.72,  243.15
1770,  1372.53,  239.22
1771,  1363.33,  235.29
1772,  1354.13,  231.37
1773,  1344.94,  227.44
1774,  1335.74,  223.52
1775,  1326.54,  219.59
1776,  1317.34,  215.66
1777,  1308.15,  211.74
1778,  1298.95,  207.81
1779,  1289.75,  203.88
1780,  1280.56,  199.96
1781,  1271.36,  196.03
1782,  1262.16,  192.10
1783,  1252.97,  188.18
1784,  1243.77,  184.25
1785,  1234.57,  180.32
1786,  1225.38,  176.40
1787,  1216.18,  172.47
1788,  1206.98,  168.55
1789,  1197.78,  164.62
1790,  1188.59,  160.69
1791,  1179.39,  156.77
1792,  1170.19,  152.84
1793,  1161.00,  148.91
1794,  1151.80,  144.99
1795,  1142.60,  141.06
1796,  1133.41,  137.13
1797,  1124.21,  133.21
1798,  1115.01,  129.28
1799,  1105.82,  125.35
1800,  1096.62,  121.43
1801,  1087.42,  117.50
1802,  1078.22,  113.58
1803,  1069.03,  109.65
1804,  1059.83,  105.72
1805,  1050.63,  101.80
1806,  1041.44,  97.87
1807,  1032.24,  93.94
1808,  1023.04,  90.02
1809,  1013.85,  86.09
1810,  1004.65,  82.16
1811,  995.45,  78.24
1812,  986.26,  74.31
1813,  977.06,  70.39
1814,  967.86,  66.46
1815,  958.66,  62.53
1816,  949.47,  58.61
1817,  940.27,  54.68
1818,  931.07,  50.75
1819,  921.88,  46.83
1820,  912.68,  42.90
1821,  903.48,  38.97
1822,  894.29,  35.05
1823,  885.09,  31.12
1824,  875.89,  27.19
1825,  866.70,  23.27
1826,  857.50,  19.34
1827,  848.30,  15.42
1828,  839.10,  11.49
1829,  829.91,  7.56
1830,  820.71,  11.49
1831,  811.51,  15.42
1832,  802.32,  19.34
1833,  793.12,  23.27
1834,  783.92,  27.19
1835,  774.73,  31.12
1836,  765.53,  35.05
1837,  756.33,  38.97
1838,  747.14,  42.90
1839,  737.94,  46.83
1840,  728.74,  50.75
1841,  719.54,  54.68
1842,  710.35,  58.61
1843,  701.15,  62.53
1844,  691.95,  66.46
1845,  682.76,  70.39
1846,  673.56,  74.31
1847,  664.36,  78.24
1848,  655.17,  82.16
1849,  645.97,  86.09
1850,  636.77,  90.02
1851,  627.58,  93.94
1852,  618.38,  97.87
1853,  609.18,  101.80
1854,  599.98,  105.72
1855,  590.79,  109.65
1856,  581.59,  113.58
1857,  572.39,  117.50
1858,  563.20,  121.43
1859,  554.00,  125.35
1860,  544.80,  129.28
1861,  535.61,  133.21
1862,  526.41,  137.13
1863,  517.21,  141.06
1864,  508.02,  144.99
1865,  498.82,  148.91
1866,  489.62,  152.84
1867,  480.42,  156.77
1868,  471.23,  160.69
1869,  462.03,  164.62
1870,  452.83,  168.55
1871,  443.64,  172.47
1872,  434.44,  176.40
1873,  425.24,  180.32
1874,  416.05,  184.25
1875,  406.85,  188.18
1876,  397.65,  192.10
1877,  388.46,  196.03
1878,  379.26,  199.96
1879,  370.06,  203.88
1880,  360.86,  207.81
1881,  351.67,  211.74
1882,  342.47,  215.66
1883,  333.27,  219.59
1884,  324.08,  223.52
1885,  314.88,  227.44
1886,  305.68,  231.37
1887,  296.49,  235.29
1888,  287.29,  239.22
1889,  278.09,  243.15
1890,  268.90,  247.07
1891,  259.70,  251.00
1892,  250.50,  254.93
1893,  241.30,  258.85
1894,  232.11,  262.78
1895,  222.91,  266.71
1896,  213.71,  270.63
1897,  204.52,  274.56
1898,  195.32,  278.48
1899,  186.12,  282.41
1900,  176.93,  286.34
1901,  167.73,  290.26
1902,  158.53,  294.19
1903,  149.34,  298.12
1904,  140.14,  302.04
1905,  130.94,  305.97
1906,  121.74,  309.90
1907,  112.55,  313.82
1908,  103.35,  317.75
1909,  94.15,  321.68
1910,  84.96,  325.60
1911,  75.76,  329.53
1912,  66.56,  333.45
1913,  57.37,  337.38
1914,  48.17,  341.31
1915,  38.97,  345.23
1916,  29.78,  349.16
1917,  20.58,  353.09
1918,  11.38,  357.01
1919,  2.18,  360.94
1920,  11.38,  364.87
1921,  20.58,  368.79
1922,  29.78,  372.72
1923,  38.97,  376.65
1924,  48.17,  380.57
1925,  57.37,  384.50
1926,  66.56,  388.42
1927,  75.76,  392.35
1928,  84.96,  396.28
1929,  94.15,  400.20
1930,  103.35,  404.13
1931,  112.55,  408.06
1932,  121.74,  411.98
1933,  130.94,  415.91
1934,  140.14,  419.84
1935,  149.34,  423.76
1936,  158.53,  427.69
1937,  167.73,  431.61
1938,  176.93,  435.54
1939,  186.12,  439.47
1940,  195.32,  443.39
1941,  204.52,  447.32
1942,  213.71,  451.25
1943,  222.91,  455.17
1944,  232.11,  459.10
1945,  241.30,  463.03
1946,  250.50,  466.95
1947,  259.70,  470.88
1948,  268.90,  474.81
1949,  278.09,  478.73
1950,  287.29,  482.66
1951,  296.49,  486.58
1952,  305.68,  490.51
1953,  314.88,  494.44
1954,  324.08,  498.36
1955,  333.27,  502.29
1956,  342.47,  506.22
1957,  351.67,  510.14
1958,  360.86,  514.07
1959,  370.06,  518.00
1960,  379.26,  521.92
1961,  388.46,  525.85
1962,  397.65,  529.77
1963,  406.85,  533.70
1964,  416.05,  537.63
1965,  425.24,  541.55
1966,  434.44,  545.48
1967,  443.64,  549.41
1968,  452.83,  553.33
1969,  462.03,  557.26
1970,  471.23,  561.19
1971,  480.42,  565.11
1972,  489.62,  569.04
1973,  498.82,  572.97
1974,  508.02,  576.89
1975,  517.21,  580.82
1976,  526.41,  584.74
1977,  535.61,  588.67
1978,  544.80,  592.60
1979,  554.00,  596.52
1980,  563.20,  600.45
1981,  572.39,  604.38
1982,  581.59,  608.30
1983,  590.79,  612.23
1984,  599.98,  616.16
1985,  609.18,  620.08
1986,  618.38,  624.01
1987,  627.58,  627.94
1988,  636.77,  631.86
1989,  645.97,  635.79
1990,  655.17,  639.71
1991,  664.36,  643.64
1992,  673.56,  647.57
1993,  682.76,  651.49
1994,  691.95,  655.42
1995,  701.15,  659.35
1996,  710.35,  663.27
1997,  719.54,  667.20
1998,  728.74,  671.13
1999,  737.94,  675.05
2000,  747.14,  678.98
2001,  756.33,  682.90
2002,  765.53,  686.83
2003,  774.73,  690.76
2004,  783.92,  694.68
2005,  793.12,  698.61
2006,  802.32,  702.54
2007,  811.51,  706.46
2008,  820.71,  710.39
2009,  829.91,  714.32
2010,  839.10,  718.24
2011,  848.30,  722.17
2012,  857.50,  726.10
2013,  866.70,  730.02
2014,  875.89,  733.95
2015,  885.09,  737.87
2016,  894.29,  741.80
2017,  903.48,  745.73
2018,  912.68,  749.65
2019,  921.88,  753.58
2020,  931.07,  757.51
2021,  940.27,  761.43
2022,  949.47,  765.36
2023,  958.66,  769.29
2024,  967.86,  773.21
2025,  977.06,  777.14
2026,  986.26,  781.07
2027,  995.45,  784.99
2028,  1004.65,  788.92
2029,  1013.85,  792.84
2030,  1023.04,  796.77
2031,  1032.24,  800.70
2032,  1041.44,  804.62
2033,  1050.63,  808.55
2034,  1059.83,  812.48
2035,  1069.03,  816.40
2036,  1078.22,  820.33
2037,  1087.42,  824.26
2038,  1096.62,  828.18
2039,  1105.82,  832.11
2040,  1115.01,  836.03
2041,  1124.21,  839.96
2042,  1133.41,  843.89
2043,  1142.60,  847.81
2044,  1151.80,  851.74
2045,  1161.00,  855.67
2046,  1170.19,  859.59
2047,  1179.39,  863.52
2048,  1188.59,  867.45
2049,  1197.78,  871.37
2050,  1206.98,  875.30
2051,  1216.18,  871.37
2052,  1225.38,  867.45
2053,  1234.57,  863.52
2054,  1243.77,  859.59
2055,  1252.97,  855.67
2056,  1262.16,  851.74
2057,  1271.36,  847.81
2058,  1280.56,  843.89
2059,  1289.75,  839.96
2060,  1298.95,  836.03
2061,  1308.15,  832.11
2062,  1317.34,  828.18
2063,  1326.54,  824.26
2064,  1335.74,  820.33
2065,  1344.94,  816.40
2066,  1354.13,  812.48
2067,  1363.33,  808.55
2068,  1372.53,  804.62
2069,  1381.72,  800.70
2070,  1390.92,  796.77
2071,  1400.12,  792.84
2072,  1409.31,  788.92
2073,  1418.51,  784.99
2074,  1427.71,  781.07
2075,  1418.51,  777.14
2076,  1409.31,  773.21
2077,  1400.12,  769.29
2078,  1390.92,  765.36
2079,  1381.72,  761.43
2080,  1372.53,  757.51
2081,  1363.33,  753.58
2082,  1354.13,  749.65
2083,  1344.94,  745.73
2084,  1335.74,  741.80
2085,  1326.54,  737.87
2086,  1317.34,  733.95
2087,  1308.15,  730.02
2088,  1298.95,  726.10
2089,  1289.75,  722.17
2090,  1280.56,  718.24
2091,  1271.36,  714.32
2092,  1262.16,  710.39
2093,  1252.97,  706.46
2094,  1243.77,  702.54
2095,  1234.57,  698.61
2096,  1225.38,  694.68
2097,  1216.18,  690.76
2098,  1206.98,  686.83
2099,  1197.78,  682.90
2100,  1188.59,  678.98
2101,  1179.39,  675.05
2102,  1170.19,  671.13
2103,  1161.00,  667.20
2104,  1151.80,  663.27
2105,  1142.60,  659.35
2106,  1133.41,  655.42
2107,  1124.21,  651.49
2108,  1115.01,  647.57
2109,  1105.82,  643.64
2110,  1096.62,  639.71
2111,  1087.42,  635.79
2112,  1078.22,  631.86
2113,  1069.03,  627.94
2114,  1059.83,  624.01
2115,  1050.63,  620.08
2116,  1041.44,  616.16
2117,  1032.24,  612.23
2118,  1023.04,  608.30
2119,  1013.85,  604.38
2120,  1004.65,  600.45
2121,  995.45,  596.52
2122,  986.26,  592.60
2123,  977.06,  588.67
2124,  967.86,  584.74
2125,  958.66,  580.82
2126,  949.47,  576.89
2127,  940.27,  572.97
2128,  931.07,  569.04
2129,  921.88,  565.11
2130,  912.68,  561.19
2131,  903.48,  557.26
2132,  894.29,  553.33
2133,  885.09,  549.41
2134,  875.89,  545.48
2135,  866.70,  541.55
2136,  857.50,  537.63
2137,  848.30,  533.70
2138,  839.10,  529.77
2139,  829.91,  525.85
2140,  820.71,  521.92
2141,  811.51,  518.00
2142,  802.32,  514.07
2143,  793.12,  510.14
2144,  783.92,  506.22
2145,  774.73,  502.29
2146,  765.53,  498.36
2147,  756.33,  494.44
2148,  747.14,  490.51
2149,  737.94,  486.58
2150,  728.74,  482.66
2151,  719.54,  478.73
2152,  710.35,  474.81
2153,  701.15,  470.88
2154,  691.95,  466.95
2155,  682.76,  463.03
2156,  673.56,  459.10
2157,  664.36,  455.17
2158,  655.17,  451.25
2159,  645.97,  447.32
2160,  636.77,  443.39
2161,  627.58,  439.47
2162,  618.38,  435.54
2163,  609.18,  431.61
2164,  599.98,  427.69
2165,  590.79,  423.76
2166,  581.59,  419.84
2167,  572.39,  415.91
2168,  563.20,  411.98
2169,  554.00,  408.06
2170,  544.80,  404.13
2171,  535.61,  400.20
2172,  526.41,  396.28
2173,  517.21,  392.35
2174,  508.02,  388.42
2175,  498.82,  384.50
2176,  489.62,  380.57
2177,  480.42,  376.65
2178,  471.23,  372.72
2179,  462.03,  368.79
2180,  452.83,  364.87
2181,  443.64,  360.94
2182,  434.44,  357.01
2183,  425.24,  353.09
2184,  416.05,  349.16
2185,  406.85,  345.23
2186,  397.65,  341.31
2187,  388.46,  337.38
2188,  379.26,  333.45
2189,  370.06,  329.53
2190,  360.86,  325.60
2191,  351.67,  321.68
2192,  342.47,  317.75
2193,  333.27,  313.82
2194,  324.08,  309.90
2195,  314.88,  305.97
2196,  305.68,  302.04
2197,  296.49,  298.12
2198,  287.29,  294.19
2199,  278.09,  290.26
2200,  268.90,  286.34
2201,  259.70,  282.41
2202,  250.50,  278.48
2203,  241.30,  274.56
2204,  232.11,  270.63
2205,  222.91,  266.71
2206,  213.71,  262.78
2207,  204.52,  258.85
2208,  195.32,  254.93
2209,  186.12,  251.00
2210,  176.93,  247.07
2211,  167.73,  243.15
2212,  158.53,  239.22
2213,  149.34,  235.29
2214,  140.14,  231.37
2215,  130.94,  227.44
2216,  121.74,  223.52
2217,  112.55,  219.59
2218,  103.35,  215.66
2219,  94.15,  211.74
2220,  84.96,  207.81
2221,  75.76,  203.88
2222,  66.56,  199.96
2223,  57.37,  196.03
2224,  48.17,  192.10
2225,  38.97,  188.18
2226,  29.78,  184.25
2227,  20.58,  180.32
2228,  11.38,  176.40
2229,  2.18,  172.47
2230,  11.38,  168.55
2231,  20.58,  164.62
2232,  29.78,  160.69
2233,  38.97,  156.77
2234,  48.17,  152.84
2235,  57.37,  148.91
2236,  66.56,  144.99
2237,  75.76,  141.06
2238,  84.96,  137.13
2239,  94.15,  133.21
2240,  103.35,  129.28
2241,  112.55,  125.35
2242,  121.74,  121.43
2243,  130.94,  117.50
2244,  140.14,  113.58
2245,  149.34,  109.65
2246,  158.53,  105.72
2247,  167.73,  101.80
2248,  176.93,  97.87
2249,  186.12,  93.94
2250,  195.32,  90.02
2251,  204.52,  86.09
2252,  213.71,  82.16
2253,  222.91,  78.24
2254,  232.11,  74.31
2255,  241.30,  70.39
2256,  250.50,  66.46
2257,  259.70,  62.53
2258,  268.90,  58.61
2259,  278.09,  54.68
2260,  287.29,  50.75
2261,  296.49,  46.83
2262,  305.68,  42.90
2263,  314.88,  38.97
2264,  324.08,  35.05
2265,  333.27,  31.12
2266,  342.47,  27.19
2267,  351.67,  23.27
2268,  360.86,  19.34
2269,  370.06,  15.42
2270,  379.26,  11.49
2271,  388.46,  7.56
2272,  397.65,  11.49
2273,  406.85,  15.42
2274,  416.05,  19.34
2275,  425.24,  23.27
2276,  434.44,  27.19
2277,  443.64,  31.12
2278,  452.83,  35.05
2279,  462.03,  38.97
2280,  471.23,  42.90
2281,  480.42,  46.83
2282,  489.62,  50.75
2283,  498.82,  54.68
2284,  508.02,  58.61
2285,  517.21,  62.53
2286,  526.41,  66.46
2287,  535.61,  70.39
2288,  544.80,  74.31
2289,  554.00,  78.24
2290,  563.20,  82.16
2291,  572.39,  86.09
2292,  581.59,  90.02
2293,  590.79,  93.94
2294,  599.98,  97.87
2295,  609.18,  101.80
2296,  618.38,  105.72
2297,  627.58,  109.65
2298,  636.77,  113.58
2299,  645.97,  117.50
2300,  655.17,  121.43
2301,  664.36,  125.35
2302,  673.56,  129.28
2303,  682.76,  133.21
2304,  691.95,  137.13
2305,  701.15,  141.06
2306,  710.35,  144.99
2307,  719.54,  148.91
2308,  728.74,  152.84
2309,  737.94,  156.77
2310,  747.14,  160.69
2311,  756.33,  164.62
2312,  765.53,  168.55
2313,  774.73,  172.47
2314,  783.92,  176.40
2315,  793.12,  180.32
2316,  802.32,  184.25
2317,  811.51,  188.18
2318,  820.71,  192.10
2319,  829.91,  196.03
2320,  839.10,  199.96
2321,  848.30,  203.88
2322,  857.50,  207.81
2323,  866.70,  211.74
2324,  875.89,  215.66
2325,  885.09,  219.59
2326,  894.29,  223.52
2327,  903.48,  227.44
2328,  912.68,  231.37
2329,  921.88,  235.29
2330,  931.07,  239.22
2331,  940.27,  243.15
2332,  949.47,  247.07
2333,  958.66,  251.00
2334,  967.86,  254.93
2335,  977.06,  258.85
2336,  986.26,  262.78
2337,  995.45,  266.71
2338,  1004.65,  270.63
2339,  1013.85,  274.56
2340,  1023.04,  278.48
2341,  1032.24,  282.41
2342,  1041.44,  286.34
2343,  1050.63,  290.26
2344,  1059.83,  294.19
2345,  1069.03,  298.12
2346,  1078.22,  302.04
2347,  1087.42,  305.97
2348,  1096.62,  309.90
2349,  1105.82,  313.82
2350,  1115.01,  317.75
2351,  1124.21,  321.68
2352,  1133.41,  325.60
2353,  1142.60,  329.53
2354,  1151.80,  333.45
2355,  1161.00,  337.38
2356,  1170.19,  341.31
2357,  1179.39,  345.23
2358,  1188.59,  349.16
2359,  1197.78,  353.09
2360,  1206.98,  357.01
2361,  1216.18,  360.94
2362,  1225.38,  364.87
2363,  1234.57,  368.79
2364,  1243.77,  372.72
2365,  1252.97,  376.65
2366,  1262.16,  380.57
2367,  1271.36,  384.50
2368,  1280.56,  388.42
2369,  1289.75,  392.35
2370,  1298.95,  396.28
2371,  1308.15,  400.20
2372,  1317.34,  404.13
2373,  1326.54,  408.06
2374,  1335.74,  411.98
2375,  1344.94,  415.91
2376,  1354.13,  419.84
2377,  1363.33,  423.76
2378,  1372.53,  427.69
2379,  1381.72,  431.61
2380,  1390.92,  435.54
2381,  1400.12,  439.47
2382,  1409.31,  443.39
2383,  1418.51,  447.32
2384,  1427.71,  451.25
2385,  1418.51,  455.17
2386,  1409.31,  459.10
2387,  1400.12,  463.03
2388,  1390.92,  466.95
2389,  1381.72,  470.88
2390,  1372.53,  474.81
2391,  1363.33,  478.73
2392,  1354.13,  482.66
2393,  1344.94,  486.58
2394,  1335.74,  490.51
2395,  1326.54,  494.44
2396,  1317.34,  498.36
2397,  1308.15,  502.29
2398,  1298.95,  506.22
2399,  1289.75,  510.14
2400,  1280.56,  514.07
2401,  1271.36,  518.00
2402,  1262.16,  521.92
2403,  1252.97,  525.85
2404,  1243.77,  529.77
2405,  1234.57,  533.70
2406,  1225.38,  537.63
2407,  1216.18,  541.55
2408,  1206.98,  545.48
2409,  1197.78,  549.41
