frame, x, y
0, 1432.14, 850.77
1, 1428.29, 841.55
2, 1424.43, 832.32
3, 1420.58, 823.09
4, 1416.72, 813.87
5, 1412.86, 804.64
6, 1409.01, 795.41
7, 1405.15, 786.19
8, 1401.29, 776.96
9, 1397.44, 767.73
10, 1393.58, 758.51
11, 1389.73, 749.28
12, 1385.87, 740.05
13, 1382.01, 730.83
14, 1378.16, 721.60
15, 1374.30, 712.38
16, 1370.44, 703.15
17, 1366.59, 693.92
18, 1362.73, 684.70
19, 1358.88, 675.47
20, 1355.02, 666.24
21, 1351.16, 657.02
22, 1347.31, 647.79
23, 1343.45, 638.56
24, 1339.59, 629.34
25, 1335.74, 620.11
26, 1331.88, 610.88
27, 1328.03, 601.66
28, 1324.17, 592.43
29, 1320.31, 583.20
30, 1316.46, 573.98
31, 1312.60, 564.75
32, 1308.74, 555.52
33, 1304.89, 546.30
34, 1301.03, 537.07
35, 1297.18, 527.84
36, 1293.32, 518.62
37, 1289.46, 509.39
38, 1285.61, 500.16
39, 1281.75, 490.94
40, 1277.89, 481.71
41, 1274.04, 472.48
42, 349.92, 541.73
43, 359.84, 540.47
44, 369.76, 539.20
45, 379.68, 537.93
46, 389.60, 536.66
47, 399.52, 535.40
48, 409.44, 534.13
49, 419.36, 532.86
50, 429.27, 531.59
51, 439.19, 530.33
52, 449.11, 529.06
53, 459.03, 527.79
54, 468.95, 526.53
55, 478.87, 525.26
56, 488.79, 523.99
57, 498.71, 522.72
58, 508.63, 521.46
59, 518.55, 520.19
60, 528.47, 518.92
61, 538.39, 517.66
62, 548.31, 516.39
63, 558.23, 515.12
64, 568.15, 513.85
65, 578.07, 512.59
66, 587.98, 511.32
67, 597.90, 510.05
68, 607.82, 508.78
69, 617.74, 507.52
70, 627.66, 506.25
71, 637.58, 504.98
72, 647.50, 503.72
73, 657.42, 502.45
74, 667.34, 501.18
75, 677.26, 499.91
76, 687.18, 498.65
77, 697.10, 497.38
78, 707.02, 496.11
79, 716.94, 494.85
80, 726.86, 493.58
81, 736.78, 492.31
82, 746.69, 491.04
83, 756.61, 489.78
84, 136.80, 255.67
85, 143.60, 248.33
86, 150.40, 241.00
87, 157.20, 233.67
88, 164.00, 226.34
89, 170.80, 219.00
90, 177.60, 211.67
91, 184.40, 204.34
92, 191.20, 197.01
93, 197.99, 189.67
94, 204.79, 182.34
95, 211.59, 175.01
96, 218.39, 167.68
97, 225.19, 160.34
98, 231.99, 153.01
99, 238.79, 145.68
100, 245.59, 138.35
101, 252.39, 131.01
102, 259.19, 123.68
103, 265.99, 116.35
104, 272.79, 109.01
105, 279.59, 101.68
106, 286.39, 94.35
107, 293.19, 87.02
108, 299.99, 79.68
109, 306.79, 72.35
110, 313.59, 65.02
111, 320.38, 57.69
112, 327.18, 50.35
113, 333.98, 43.02
114, 340.78, 35.69
115, 347.58, 28.36
116, 354.38, 21.02
117, 361.18, 13.69
118, 367.98, 6.36
119, 374.78, 13.69
120, 381.58, 21.02
121, 388.38, 28.36
122, 395.18, 35.69
123, 401.98, 43.02
124, 408.78, 50.35
125, 415.58, 57.69
126, 1624.30, 553.44
127, 1614.60, 555.88
128, 1604.91, 558.32
129, 1595.21, 560.75
130, 1585.51, 563.19
131, 1575.81, 565.63
132, 1566.11, 568.07
133, 1556.41, 570.51
134, 1546.72, 572.95
135, 1537.02, 575.38
136, 1527.32, 577.82
137, 1517.62, 580.26
138, 1507.92, 582.70
139, 1498.23, 585.14
140, 1488.53, 587.58
141, 1478.83, 590.01
142, 1469.13, 592.45
143, 1459.43, 594.89
144, 1449.74, 597.33
145, 1440.04, 599.77
146, 1430.34, 602.21
147, 1420.64, 604.65
148, 1410.94, 607.08
149, 1401.24, 609.52
150, 1391.55, 611.96
151, 1381.85, 614.40
152, 1372.15, 616.84
153, 1362.45, 619.28
154, 1352.75, 621.71
155, 1343.06, 624.15
156, 1333.36, 626.59
157, 1323.66, 629.03
158, 1313.96, 631.47
159, 1304.26, 633.91
160, 1294.56, 636.35
161, 1284.87, 638.78
162, 1275.17, 641.22
163, 1265.47, 643.66
164, 1255.77, 646.10
165, 1246.07, 648.54
166, 1236.38, 650.98
167, 1226.68, 653.41
168, 1478.74, 565.62
169, 1481.49, 575.23
170, 1484.23, 584.85
171, 1486.97, 594.46
172, 1489.72, 604.08
173, 1492.46, 613.70
174, 1495.21, 623.31
175, 1497.95, 632.93
176, 1500.69, 642.55
177, 1503.44, 652.16
178, 1506.18, 661.78
179, 1508.92, 671.39
180, 1511.67, 681.01
181, 1514.41, 690.63
182, 1517.16, 700.24
183, 1519.90, 709.86
184, 1522.64, 719.48
185, 1525.39, 729.09
186, 1528.13, 738.71
187, 1530.87, 748.32
188, 1533.62, 757.94
189, 1536.36, 767.56
190, 1539.11, 777.17
191, 1541.85, 786.79
192, 1544.59, 796.41
193, 1547.34, 806.02
194, 1550.08, 815.64
195, 1552.82, 825.25
196, 1555.57, 834.87
197, 1558.31, 844.49
198, 1561.06, 854.10
199, 1563.80, 863.72
200, 1566.54, 873.34
201, 1569.29, 882.95
202, 1572.03, 892.57
203, 1574.77, 902.18
204, 1577.52, 911.80
205, 1580.26, 921.42
206, 1583.01, 931.03
207, 1585.75, 940.65
208, 1588.49, 950.27
209, 1591.24, 959.88
210, 1823.36, 542.86
211, 1818.72, 551.72
212, 1814.08, 560.58
213, 1809.44, 569.43
214, 1804.80, 578.29
215, 1800.16, 587.15
216, 1795.52, 596.01
217, 1790.89, 604.87
218, 1786.25, 613.73
219, 1781.61, 622.59
220, 1776.97, 631.45
221, 1772.33, 640.30
222, 1767.69, 649.16
223, 1763.05, 658.02
224, 1758.41, 666.88
225, 1753.77, 675.74
226, 1749.13, 684.60
227, 1744.49, 693.46
228, 1739.85, 702.32
229, 1735.21, 711.17
230, 1730.57, 720.03
231, 1725.94, 728.89
232, 1721.30, 737.75
233, 1716.66, 746.61
234, 1712.02, 755.47
235, 1707.38, 764.33
236, 1702.74, 773.19
237, 1698.10, 782.04
238, 1693.46, 790.90
239, 1688.82, 799.76
240, 1684.18, 808.62
241, 1679.54, 817.48
242, 1674.90, 826.34
243, 1670.26, 835.20
244, 1665.62, 844.05
245, 1660.98, 852.91
246, 1656.35, 861.77
247, 1651.71, 870.63
248, 1647.07, 879.49
249, 1642.43, 888.35
250, 1637.79, 897.21
251, 1633.15, 906.07
252, 1150.32, 268.47
253, 1140.65, 265.95
254, 1130.97, 263.42
255, 1121.30, 260.89
256, 1111.62, 258.36
257, 1101.95, 255.84
258, 1092.27, 253.31
259, 1082.60, 250.78
260, 1072.92, 248.26
261, 1063.25, 245.73
262, 1053.57, 243.20
263, 1043.90, 240.67
264, 1034.22, 238.15
265, 1024.54, 235.62
266, 1014.87, 233.09
267, 1005.19, 230.57
268, 995.52, 228.04
269, 985.84, 225.51
270, 976.17, 222.98
271, 966.49, 220.46
272, 956.82, 217.93
273, 947.14, 215.40
274, 937.47, 212.88
275, 927.79, 210.35
276, 918.11, 207.82
277, 908.44, 205.29
278, 898.76, 202.77
279, 889.09, 200.24
280, 879.41, 197.71
281, 869.74, 195.19
282, 860.06, 192.66
283, 850.39, 190.13
284, 840.71, 187.60
285, 831.04, 185.08
286, 821.36, 182.55
287, 811.69, 180.02
288, 802.01, 177.50
289, 792.33, 174.97
290, 782.66, 172.44
291, 772.98, 169.91
292, 763.31, 167.39
293, 753.63, 164.86
294, 991.43, 464.10
295, 981.86, 461.19
296, 972.29, 458.29
297, 962.72, 455.38
298, 953.15, 452.48
299, 943.59, 449.57
300, 934.02, 446.67
301, 924.45, 443.77
302, 914.88, 440.86
303, 905.31, 437.96
304, 895.74, 435.05
305, 886.17, 432.15
306, 876.60, 429.25
307, 867.03, 426.34
308, 857.46, 423.44
309, 847.90, 420.53
310, 838.33, 417.63
311, 828.76, 414.72
312, 819.19, 411.82
313, 809.62, 408.92
314, 800.05, 406.01
315, 790.48, 403.11
316, 780.91, 400.20
317, 771.34, 397.30
318, 761.77, 394.40
319, 752.21, 391.49
320, 742.64, 388.59
321, 733.07, 385.68
322, 723.50, 382.78
323, 713.93, 379.87
324, 704.36, 376.97
325, 694.79, 374.07
326, 685.22, 371.16
327, 675.65, 368.26
328, 666.08, 365.35
329, 656.52, 362.45
330, 646.95, 359.55
331, 637.38, 356.64
332, 627.81, 353.74
333, 618.24, 350.83
334, 608.67, 347.93
335, 599.10, 345.02
336, 965.06, 698.06
337, 955.11, 699.12
338, 945.17, 700.18
339, 935.23, 701.24
340, 925.28, 702.30
341, 915.34, 703.36
342, 905.39, 704.41
343, 895.45, 705.47
344, 885.51, 706.53
345, 875.56, 707.59
346, 865.62, 708.65
347, 855.68, 709.71
348, 845.73, 710.77
349, 835.79, 711.83
350, 825.84, 712.89
351, 815.90, 713.95
352, 805.96, 715.01
353, 796.01, 716.07
354, 786.07, 717.13
355, 776.13, 718.18
356, 766.18, 719.24
357, 756.24, 720.30
358, 746.29, 721.36
359, 736.35, 722.42
360, 726.41, 723.48
361, 716.46, 724.54
362, 706.52, 725.60
363, 696.58, 726.66
364, 686.63, 727.72
365, 676.69, 728.78
366, 666.74, 729.84
367, 656.80, 730.90
368, 646.86, 731.96
369, 636.91, 733.01
370, 626.97, 734.07
371, 617.03, 735.13
372, 607.08, 736.19
373, 597.14, 737.25
374, 587.19, 738.31
375, 577.25, 739.37
376, 567.31, 740.43
377, 557.36, 741.49
378, 1175.88, 218.40
379, 1184.76, 213.81
380, 1193.64, 209.21
381, 1202.53, 204.62
382, 1211.41, 200.02
383, 1220.29, 195.43
384, 1229.17, 190.83
385, 1238.05, 186.24
386, 1246.93, 181.64
387, 1255.82, 177.04
388, 1264.70, 172.45
389, 1273.58, 167.85
390, 1282.46, 163.26
391, 1291.34, 158.66
392, 1300.22, 154.07
393, 1309.10, 149.47
394, 1317.99, 144.88
395, 1326.87, 140.28
396, 1335.75, 135.69
397, 1344.63, 131.09
398, 1353.51, 126.49
399, 1362.39, 121.90
400, 1371.27, 117.30
401, 1380.16, 112.71
402, 1389.04, 108.11
403, 1397.92, 103.52
404, 1406.80, 98.92
405, 1415.68, 94.33
406, 1424.56, 89.73
407, 1433.45, 85.13
408, 1442.33, 80.54
409, 1451.21, 75.94
410, 1460.09, 71.35
411, 1468.97, 66.75
412, 1477.85, 62.16
413, 1486.73, 57.56
414, 1495.62, 52.97
415, 1504.50, 48.37
416, 1513.38, 43.78
417, 1522.26, 39.18
418, 1531.14, 34.58
419, 1540.02, 29.99
420, 942.69, 222.18
421, 935.38, 215.35
422, 928.07, 208.53
423, 920.76, 201.70
424, 913.45, 194.88
425, 906.14, 188.06
426, 898.83, 181.23
427, 891.52, 174.41
428, 884.21, 167.58
429, 876.90, 160.76
430, 869.59, 153.94
431, 862.28, 147.11
432, 854.97, 140.29
433, 847.66, 133.46
434, 840.35, 126.64
435, 833.04, 119.82
436, 825.73, 112.99
437, 818.42, 106.17
438, 811.11, 99.35
439, 803.80, 92.52
440, 796.49, 85.70
441, 789.18, 78.87
442, 781.87, 72.05
443, 774.56, 65.23
444, 767.25, 58.40
445, 759.94, 51.58
446, 752.63, 44.75
447, 745.32, 37.93
448, 738.01, 31.11
449, 730.70, 24.28
450, 723.39, 17.46
451, 716.08, 10.63
452, 708.77, 3.81
453, 701.47, 10.63
454, 694.16, 17.46
455, 686.85, 24.28
456, 679.54, 31.11
457, 672.23, 37.93
458, 664.92, 44.75
459, 657.61, 51.58
460, 650.30, 58.40
461, 642.99, 65.23
462, 889.92, 587.39
463, 884.83, 578.78
464, 879.75, 570.17
465, 874.67, 561.55
466, 869.58, 552.94
467, 864.50, 544.33
468, 859.41, 535.72
469, 854.33, 527.11
470, 849.25, 518.50
471, 844.16, 509.89
472, 839.08, 501.27
473, 834.00, 492.66
474, 828.91, 484.05
475, 823.83, 475.44
476, 818.75, 466.83
477, 813.66, 458.22
478, 808.58, 449.61
479, 803.49, 440.99
480, 798.41, 432.38
481, 793.33, 423.77
482, 788.24, 415.16
483, 783.16, 406.55
484, 778.08, 397.94
485, 772.99, 389.33
486, 767.91, 380.71
487, 762.83, 372.10
488, 757.74, 363.49
489, 752.66, 354.88
490, 747.57, 346.27
491, 742.49, 337.66
492, 737.41, 329.05
493, 732.32, 320.43
494, 727.24, 311.82
495, 722.16, 303.21
496, 717.07, 294.60
497, 711.99, 285.99
498, 706.91, 277.38
499, 701.82, 268.77
500, 696.74, 260.15
501, 691.65, 251.54
502, 686.57, 242.93
503, 681.49, 234.32
504, 165.09, 5.79
505, 161.19, 15.00
506, 157.28, 24.21
507, 153.37, 33.41
508, 149.46, 42.62
509, 145.56, 51.82
510, 141.65, 61.03
511, 137.74, 70.23
512, 133.83, 79.44
513, 129.93, 88.64
514, 126.02, 97.85
515, 122.11, 107.05
516, 118.21, 116.26
517, 114.30, 125.46
518, 110.39, 134.67
519, 106.48, 143.87
520, 102.58, 153.08
521, 98.67, 162.28
522, 94.76, 171.49
523, 90.85, 180.69
524, 86.95, 189.90
525, 83.04, 199.10
526, 79.13, 208.31
527, 75.23, 217.51
528, 71.32, 226.72
529, 67.41, 235.92
530, 63.50, 245.13
531, 59.60, 254.33
532, 55.69, 263.54
533, 51.78, 272.74
534, 47.88, 281.95
535, 43.97, 291.15
536, 40.06, 300.36
537, 36.15, 309.56
538, 32.25, 318.77
539, 28.34, 327.97
540, 24.43, 337.18
541, 20.52, 346.38
542, 16.62, 355.59
543, 12.71, 364.79
544, 8.80, 374.00
545, 4.90, 383.20
546, 1280.61, 887.99
547, 1280.22, 897.98
548, 1279.83, 907.98
549, 1279.44, 917.97
550, 1279.05, 927.96
551, 1278.66, 937.95
552, 1278.27, 947.95
553, 1277.88, 957.94
554, 1277.49, 967.93
555, 1277.10, 977.92
556, 1276.71, 987.92
557, 1276.32, 997.91
558, 1275.94, 987.92
559, 1275.55, 977.92
560, 1275.16, 967.93
561, 1274.77, 957.94
562, 1274.38, 947.95
563, 1273.99, 937.95
564, 1273.60, 927.96
565, 1273.21, 917.97
566, 1272.82, 907.98
567, 1272.43, 897.98
568, 1272.04, 887.99
569, 1271.65, 878.00
570, 1271.26, 868.01
571, 1270.87, 858.02
572, 1270.48, 848.02
573, 1270.09, 838.03
574, 1269.70, 828.04
575, 1269.31, 818.05
576, 1268.92, 808.05
577, 1268.53, 798.06
578, 1268.14, 788.07
579, 1267.75, 778.08
580, 1267.36, 768.08
581, 1266.97, 758.09
582, 1266.59, 748.10
583, 1266.20, 738.11
584, 1265.81, 728.11
585, 1265.42, 718.12
586, 1265.03, 708.13
587, 1264.64, 698.14
588, 1559.92, 247.49
589, 1556.85, 237.97
590, 1553.77, 228.46
591, 1550.69, 218.94
592, 1547.62, 209.43
593, 1544.54, 199.91
594, 1541.46, 190.40
595, 1538.39, 180.88
596, 1535.31, 171.37
597, 1532.23, 161.85
598, 1529.16, 152.34
599, 1526.08, 142.82
600, 1523.00, 133.31
601, 1519.92, 123.79
602, 1516.85, 114.28
603, 1513.77, 104.76
604, 1510.69, 95.25
605, 1507.62, 85.73
606, 1504.54, 76.22
607, 1501.46, 66.70
608, 1498.39, 57.19
609, 1495.31, 47.67
610, 1492.23, 38.16
611, 1489.16, 28.64
612, 1486.08, 19.13
613, 1483.00, 9.61
614, 1479.93, 0.10
615, 1476.85, 9.61
616, 1473.77, 19.13
617, 1470.70, 28.64
618, 1467.62, 38.16
619, 1464.54, 47.67
620, 1461.47, 57.19
621, 1458.39, 66.70
622, 1455.31, 76.22
623, 1452.24, 85.73
624, 1449.16, 95.25
625, 1446.08, 104.76
626, 1443.00, 114.28
627, 1439.93, 123.79
628, 1436.85, 133.31
629, 1433.77, 142.82
630, 1229.46, 75.57
631, 1222.92, 83.13
632, 1216.38, 90.70
633, 1209.84, 98.26
634, 1203.30, 105.83
635, 1196.76, 113.39
636, 1190.22, 120.96
637, 1183.68, 128.52
638, 1177.14, 136.09
639, 1170.60, 143.65
640, 1164.06, 151.22
641, 1157.52, 158.78
642, 1150.98, 166.35
643, 1144.44, 173.91
644, 1137.90, 181.48
645, 1131.36, 189.04
646, 1124.82, 196.61
647, 1118.28, 204.17
648, 1111.74, 211.74
649, 1105.20, 219.30
650, 1098.66, 226.87
651, 1092.12, 234.43
652, 1085.58, 242.00
653, 1079.04, 249.56
654, 1072.50, 257.13
655, 1065.96, 264.69
656, 1059.42, 272.26
657, 1052.88, 279.82
658, 1046.34, 287.39
659, 1039.80, 294.95
660, 1033.27, 302.52
661, 1026.73, 310.08
662, 1020.19, 317.65
663, 1013.65, 325.21
664, 1007.11, 332.78
665, 1000.57, 340.34
666, 994.03, 347.91
667, 987.49, 355.47
668, 980.95, 363.04
669, 974.41, 370.60
670, 967.87, 378.17
671, 961.33, 385.73
672, 1385.90, 274.57
673, 1388.80, 284.14
674, 1391.70, 293.71
675, 1394.60, 303.28
676, 1397.50, 312.85
677, 1400.40, 322.42
678, 1403.30, 331.99
679, 1406.20, 341.56
680, 1409.10, 351.13
681, 1412.01, 360.70
682, 1414.91, 370.27
683, 1417.81, 379.84
684, 1420.71, 389.41
685, 1423.61, 398.98
686, 1426.51, 408.55
687, 1429.41, 418.12
688, 1432.31, 427.69
689, 1435.21, 437.26
690, 1438.11, 446.83
691, 1441.01, 456.40
692, 1443.91, 465.97
693, 1446.81, 475.54
694, 1449.71, 485.11
695, 1452.61, 494.68
696, 1455.51, 504.25
697, 1458.41, 513.82
698, 1461.31, 523.39
699, 1464.21, 532.96
700, 1467.12, 542.53
701, 1470.02, 552.10
702, 1472.92, 561.67
703, 1475.82, 571.24
704, 1478.72, 580.81
705, 1481.62, 590.38
706, 1484.52, 599.95
707, 1487.42, 609.52
708, 1490.32, 619.09
709, 1493.22, 628.66
710, 1496.12, 638.23
711, 1499.02, 647.80
712, 1501.92, 657.37
713, 1504.82, 666.94
714, 1431.50, 319.65
715, 1437.00, 311.30
716, 1442.50, 302.94
717, 1448.00, 294.59
718, 1453.50, 286.24
719, 1459.00, 277.89
720, 1464.49, 269.53
721, 1469.99, 261.18
722, 1475.49, 252.83
723, 1480.99, 244.48
724, 1486.49, 236.13
725, 1491.99, 227.77
726, 1497.49, 219.42
727, 1502.99, 211.07
728, 1508.49, 202.72
729, 1513.99, 194.37
730, 1519.49, 186.01
731, 1524.99, 177.66
732, 1530.48, 169.31
733, 1535.98, 160.96
734, 1541.48, 152.60
735, 1546.98, 144.25
736, 1552.48, 135.90
737, 1557.98, 127.55
738, 1563.48, 119.20
739, 1568.98, 110.84
740, 1574.48, 102.49
741, 1579.98, 94.14
742, 1585.48, 85.79
743, 1590.98, 77.43
744, 1596.48, 69.08
745, 1601.97, 60.73
746, 1607.47, 52.38
747, 1612.97, 44.03
748, 1618.47, 35.67
749, 1623.97, 27.32
750, 1629.47, 18.97
751, 1634.97, 10.62
752, 1640.47, 2.27
753, 1645.97, 10.62
754, 1651.47, 18.97
755, 1656.97, 27.32
756, 82.17, 75.56
757, 87.34, 84.12
758, 92.50, 92.68
759, 97.67, 101.24
760, 102.84, 109.80
761, 108.01, 118.37
762, 113.18, 126.93
763, 118.35, 135.49
764, 123.51, 144.05
765, 128.68, 152.61
766, 133.85, 161.17
767, 139.02, 169.73
768, 144.19, 178.29
769, 149.35, 186.85
770, 154.52, 195.41
771, 159.69, 203.98
772, 164.86, 212.54
773, 170.03, 221.10
774, 175.19, 229.66
775, 180.36, 238.22
776, 185.53, 246.78
777, 190.70, 255.34
778, 195.87, 263.90
779, 201.04, 272.46
780, 206.20, 281.02
781, 211.37, 289.59
782, 216.54, 298.15
783, 221.71, 306.71
784, 226.88, 315.27
785, 232.04, 323.83
786, 237.21, 332.39
787, 242.38, 340.95
788, 247.55, 349.51
789, 252.72, 358.07
790, 257.88, 366.63
791, 263.05, 375.20
792, 268.22, 383.76
793, 273.39, 392.32
794, 278.56, 400.88
795, 283.73, 409.44
796, 288.89, 418.00
797, 294.06, 426.56
798, 695.80, 373.67
799, 702.61, 366.34
800, 709.41, 359.01
801, 716.21, 351.69
802, 723.02, 344.36
803, 729.82, 337.03
804, 736.63, 329.70
805, 743.43, 322.37
806, 750.23, 315.04
807, 757.04, 307.71
808, 763.84, 300.38
809, 770.64, 293.06
810, 777.45, 285.73
811, 784.25, 278.40
812, 791.05, 271.07
813, 797.86, 263.74
814, 804.66, 256.41
815, 811.47, 249.08
816, 818.27, 241.75
817, 825.07, 234.43
818, 831.88, 227.10
819, 838.68, 219.77
820, 845.48, 212.44
821, 852.29, 205.11
822, 859.09, 197.78
823, 865.90, 190.45
824, 872.70, 183.12
825, 879.50, 175.80
826, 886.31, 168.47
827, 893.11, 161.14
828, 899.91, 153.81
829, 906.72, 146.48
830, 913.52, 139.15
831, 920.32, 131.82
832, 927.13, 124.49
833, 933.93, 117.17
834, 940.74, 109.84
835, 947.54, 102.51
836, 954.34, 95.18
837, 961.15, 87.85
838, 967.95, 80.52
839, 974.75, 73.19
840, 661.09, 291.88
841, 669.17, 297.76
842, 677.26, 303.65
843, 685.35, 309.53
844, 693.44, 315.41
845, 701.52, 321.29
846, 709.61, 327.17
847, 717.70, 333.06
848, 725.78, 338.94
849, 733.87, 344.82
850, 741.96, 350.70
851, 750.04, 356.59
852, 758.13, 362.47
853, 766.22, 368.35
854, 774.31, 374.23
