segment_id,frame,x,y,phase
0,0,1640.000000,93.000000,wait
0,1,1640.000000,93.000000,wait
0,2,1640.000000,93.000000,wait
0,3,1637.720886,83.263181,move
0,4,1635.441772,73.526363,move
0,5,1633.162658,63.789544,move
0,6,1630.883544,54.052725,move
0,7,1628.604430,44.315906,move
0,8,1626.325316,34.579088,move
0,9,1624.046202,24.842269,move
0,10,1621.767088,15.105450,move
0,11,1619.487974,8.000000,move
0,12,1617.208860,17.736819,move
0,13,1614.929746,27.473637,move
0,14,1612.650632,37.210456,move
0,15,1610.371518,46.947275,move
0,16,1608.092404,56.684094,move
0,17,1605.813290,66.420912,move
0,18,1603.534176,76.157731,move
0,19,1601.255062,85.894550,move
0,20,1598.975948,95.631369,move
0,21,1596.696834,105.368187,move
0,22,1594.417720,115.105006,move
0,23,1592.138606,124.841825,move
0,24,1589.859492,134.578644,move
0,25,1587.580378,144.315462,move
0,26,1585.301264,154.052281,move
0,27,1583.022150,163.789100,move
0,28,1580.743036,173.525919,move
1,29,1666.000000,768.000000,wait
1,30,1666.000000,768.000000,wait
1,31,1666.000000,768.000000,wait
1,32,1660.187422,776.137195,move
1,33,1654.374845,784.274390,move
1,34,1648.562267,792.411585,move
1,35,1642.749690,800.548780,move
1,36,1636.937112,808.685975,move
1,37,1631.124534,816.823170,move
1,38,1625.311957,824.960365,move
1,39,1619.499379,833.097560,move
1,40,1613.686801,841.234754,move
1,41,1607.874224,849.371949,move
1,42,1602.061646,857.509144,move
1,43,1596.249069,865.646339,move
1,44,1590.436491,873.783534,move
1,45,1584.623913,881.920729,move
1,46,1578.811336,890.057924,move
1,47,1572.998758,898.195119,move
1,48,1567.186181,906.332314,move
1,49,1561.373603,914.469509,move
1,50,1555.561025,922.606704,move
1,51,1549.748448,930.743899,move
1,52,1543.935870,938.881094,move
1,53,1538.123292,947.018289,move
1,54,1532.310715,955.155484,move
1,55,1526.498137,963.292679,move
1,56,1520.685560,971.429873,move
1,57,1514.872982,979.567068,move
2,58,1857.000000,938.000000,wait
2,59,1857.000000,938.000000,wait
2,60,1857.000000,938.000000,wait
2,61,1862.000000,929.918809,move
2,62,1856.109808,921.837618,move
2,63,1850.219617,913.756428,move
2,64,1844.329425,905.675237,move
2,65,1838.439234,897.594046,move
2,66,1832.549042,889.512855,move
2,67,1826.658851,881.431665,move
2,68,1820.768659,873.350474,move
2,69,1814.878468,865.269283,move
2,70,1808.988276,857.188092,move
2,71,1803.098085,849.106902,move
2,72,1797.207893,841.025711,move
2,73,1791.317702,832.944520,move
2,74,1785.427510,824.863329,move
2,75,1779.537319,816.782139,move
2,76,1773.647127,808.700948,move
2,77,1767.756936,800.619757,move
2,78,1761.866744,792.538566,move
2,79,1755.976553,784.457376,move
2,80,1750.086361,776.376185,move
2,81,1744.196170,768.294994,move
2,82,1738.305978,760.213803,move
2,83,1732.415787,752.132613,move
2,84,1726.525595,744.051422,move
2,85,1720.635404,735.970231,move
2,86,1714.745212,727.889040,move
3,87,809.000000,570.000000,wait
3,88,809.000000,570.000000,wait
3,89,809.000000,570.000000,wait
3,90,803.899918,561.398304,move
3,91,798.799837,552.796609,move
3,92,793.699755,544.194913,move
3,93,788.599673,535.593218,move
3,94,783.499592,526.991522,move
3,95,778.399510,518.389826,move
3,96,773.299428,509.788131,move
3,97,768.199347,501.186435,move
3,98,763.099265,492.584740,move
3,99,757.999183,483.983044,move
3,100,752.899102,475.381349,move
3,101,747.799020,466.779653,move
3,102,742.698938,458.177957,move
3,103,737.598857,449.576262,move
3,104,732.498775,440.974566,move
3,105,727.398693,432.372871,move
3,106,722.298612,423.771175,move
3,107,717.198530,415.169479,move
3,108,712.098448,406.567784,move
3,109,706.998367,397.966088,move
3,110,701.898285,389.364393,move
3,111,696.798203,380.762697,move
3,112,691.698122,372.161001,move
3,113,686.598040,363.559306,move
3,114,681.497958,354.957610,move
3,115,676.397877,346.355915,move
4,116,66.000000,895.000000,wait
4,117,66.000000,895.000000,wait
4,118,66.000000,895.000000,wait
4,119,71.310862,886.526822,move
4,120,76.621725,878.053644,move
4,121,81.932587,869.580467,move
4,122,87.243449,861.107289,move
4,123,92.554311,852.634111,move
4,124,97.865174,844.160933,move
4,125,103.176036,835.687755,move
4,126,108.486898,827.214578,move
4,127,113.797760,818.741400,move
4,128,119.108623,810.268222,move
4,129,124.419485,801.795044,move
4,130,129.730347,793.321867,move
4,131,135.041210,784.848689,move
4,132,140.352072,776.375511,move
4,133,145.662934,767.902333,move
4,134,150.973796,759.429155,move
4,135,156.284659,750.955978,move
4,136,161.595521,742.482800,move
4,137,166.906383,734.009622,move
4,138,172.217246,725.536444,move
4,139,177.528108,717.063266,move
4,140,182.838970,708.590089,move
4,141,188.149832,700.116911,move
4,142,193.460695,691.643733,move
4,143,198.771557,683.170555,move
4,144,204.082419,674.697377,move
5,145,58.000000,976.000000,wait
5,146,58.000000,976.000000,wait
5,147,58.000000,976.000000,wait
5,148,67.396203,972.577813,move
5,149,76.792406,969.155626,move
5,150,86.188610,965.733439,move
5,151,95.584813,962.311252,move
5,152,104.981016,958.889064,move
5,153,114.377219,955.466877,move
5,154,123.773423,952.044690,move
5,155,133.169626,948.622503,move
5,156,142.565829,945.200316,move
5,157,151.962032,941.778129,move
5,158,161.358236,938.355942,move
5,159,170.754439,934.933755,move
5,160,180.150642,931.511568,move
5,161,189.546845,928.089380,move
5,162,198.943049,924.667193,move
5,163,208.339252,921.245006,move
5,164,217.735455,917.822819,move
5,165,227.131658,914.400632,move
5,166,236.527862,910.978445,move
5,167,245.924065,907.556258,move
5,168,255.320268,904.134071,move
5,169,264.716471,900.711884,move
5,170,274.112675,897.289696,move
5,171,283.508878,893.867509,move
5,172,292.905081,890.445322,move
5,173,302.301284,887.023135,move
6,174,1722.000000,102.000000,wait
6,175,1722.000000,102.000000,wait
6,176,1722.000000,102.000000,wait
6,177,1719.977075,92.206749,move
6,178,1717.954150,82.413497,move
6,179,1715.931225,72.620246,move
6,180,1713.908300,62.826994,move
6,181,1711.885375,53.033743,move
6,182,1709.862449,43.240491,move
6,183,1707.839524,33.447240,move
6,184,1705.816599,23.653988,move
6,185,1703.793674,13.860737,move
6,186,1701.770749,8.000000,move
6,187,1699.747824,17.793251,move
6,188,1697.724899,27.586503,move
6,189,1695.701974,37.379754,move
6,190,1693.679049,47.173006,move
6,191,1691.656124,56.966257,move
6,192,1689.633199,66.759509,move
6,193,1687.610273,76.552760,move
6,194,1685.587348,86.346012,move
6,195,1683.564423,96.139263,move
6,196,1681.541498,105.932515,move
6,197,1679.518573,115.725766,move
6,198,1677.495648,125.519017,move
6,199,1675.472723,135.312269,move
6,200,1673.449798,145.105520,move
6,201,1671.426873,154.898772,move
6,202,1669.403948,164.692023,move
7,203,1858.000000,947.000000,wait
7,204,1858.000000,947.000000,wait
7,205,1858.000000,947.000000,wait
7,206,1862.000000,953.892616,move
7,207,1854.754874,960.785232,move
7,208,1847.509749,967.677848,move
7,209,1840.264623,974.570463,move
7,210,1833.019497,981.463079,move
7,211,1825.774371,988.355695,move
7,212,1818.529246,992.000000,move
7,213,1811.284120,985.107384,move
7,214,1804.038994,978.214768,move
7,215,1796.793868,971.322152,move
7,216,1789.548743,964.429537,move
7,217,1782.303617,957.536921,move
7,218,1775.058491,950.644305,move
7,219,1767.813365,943.751689,move
7,220,1760.568240,936.859073,move
7,221,1753.323114,929.966457,move
7,222,1746.077988,923.073842,move
7,223,1738.832863,916.181226,move
7,224,1731.587737,909.288610,move
7,225,1724.342611,902.395994,move
7,226,1717.097485,895.503378,move
7,227,1709.852360,888.610762,move
7,228,1702.607234,881.718147,move
7,229,1695.362108,874.825531,move
7,230,1688.116982,867.932915,move
7,231,1680.871857,861.040299,move
8,232,447.000000,973.000000,wait
8,233,447.000000,973.000000,wait
8,234,447.000000,973.000000,wait
8,235,448.974873,963.196946,move
8,236,450.949746,953.393891,move
8,237,452.924619,943.590837,move
8,238,454.899492,933.787782,move
8,239,456.874365,923.984728,move
8,240,458.849238,914.181673,move
8,241,460.824110,904.378619,move
8,242,462.798983,894.575564,move
8,243,464.773856,884.772510,move
8,244,466.748729,874.969455,move
8,245,468.723602,865.166401,move
8,246,470.698475,855.363346,move
8,247,472.673348,845.560292,move
8,248,474.648221,835.757237,move
8,249,476.623094,825.954183,move
8,250,478.597967,816.151128,move
8,251,480.572840,806.348074,move
8,252,482.547713,796.545020,move
8,253,484.522586,786.741965,move
8,254,486.497458,776.938911,move
8,255,488.472331,767.135856,move
8,256,490.447204,757.332802,move
8,257,492.422077,747.529747,move
8,258,494.396950,737.726693,move
8,259,496.371823,727.923638,move
8,260,498.346696,718.120584,move
9,261,417.000000,721.000000,wait
9,262,417.000000,721.000000,wait
9,263,417.000000,721.000000,wait
9,264,419.464798,711.308521,move
9,265,421.929596,701.617041,move
9,266,424.394394,691.925562,move
9,267,426.859192,682.234083,move
9,268,429.323990,672.542604,move
9,269,431.788788,662.851124,move
9,270,434.253586,653.159645,move
9,271,436.718384,643.468166,move
9,272,439.183183,633.776687,move
9,273,441.647981,624.085207,move
9,274,444.112779,614.393728,move
9,275,446.577577,604.702249,move
9,276,449.042375,595.010769,move
9,277,451.507173,585.319290,move
9,278,453.971971,575.627811,move
9,279,456.436769,565.936332,move
9,280,458.901567,556.244852,move
9,281,461.366365,546.553373,move
9,282,463.831163,536.861894,move
9,283,466.295961,527.170415,move
9,284,468.760759,517.478935,move
9,285,471.225557,507.787456,move
9,286,473.690355,498.095977,move
9,287,476.155153,488.404497,move
9,288,478.619952,478.713018,move
9,289,481.084750,469.021539,move
10,290,54.000000,66.000000,wait
10,291,54.000000,66.000000,wait
10,292,54.000000,66.000000,wait
10,293,46.538861,59.341817,move
10,294,39.077722,52.683634,move
10,295,31.616582,46.025451,move
10,296,24.155443,39.367268,move
10,297,16.694304,32.709085,move
10,298,9.233165,26.050902,move
10,299,8.000000,19.392719,move
10,300,15.461139,12.734536,move
10,301,22.922278,8.000000,move
10,302,30.383418,14.658183,move
10,303,37.844557,21.316366,move
10,304,45.305696,27.974549,move
10,305,52.766835,34.632732,move
10,306,60.227974,41.290915,move
10,307,67.689114,47.949098,move
10,308,75.150253,54.607281,move
10,309,82.611392,61.265464,move
10,310,90.072531,67.923648,move
10,311,97.533671,74.581831,move
10,312,104.994810,81.240014,move
10,313,112.455949,87.898197,move
10,314,119.917088,94.556380,move
10,315,127.378227,101.214563,move
10,316,134.839367,107.872746,move
10,317,142.300506,114.530929,move
10,318,149.761645,121.189112,move
11,319,1617.000000,46.000000,wait
11,320,1617.000000,46.000000,wait
11,321,1617.000000,46.000000,wait
11,322,1609.547160,39.332529,move
11,323,1602.094319,32.665058,move
11,324,1594.641479,25.997587,move
11,325,1587.188639,19.330116,move
11,326,1579.735798,12.662645,move
11,327,1572.282958,8.000000,move
11,328,1564.830117,14.667471,move
11,329,1557.377277,21.334942,move
11,330,1549.924437,28.002413,move
11,331,1542.471596,34.669884,move
11,332,1535.018756,41.337355,move
11,333,1527.565916,48.004826,move
11,334,1520.113075,54.672298,move
11,335,1512.660235,61.339769,move
11,336,1505.207395,68.007240,move
11,337,1497.754554,74.674711,move
11,338,1490.301714,81.342182,move
11,339,1482.848873,88.009653,move
11,340,1475.396033,94.677124,move
11,341,1467.943193,101.344595,move
11,342,1460.490352,108.012066,move
11,343,1453.037512,114.679537,move
11,344,1445.584672,121.347008,move
11,345,1438.131831,128.014479,move
11,346,1430.678991,134.681950,move
11,347,1423.226151,141.349421,move
12,348,1778.000000,877.000000,wait
12,349,1778.000000,877.000000,wait
12,350,1778.000000,877.000000,wait
12,351,1780.578859,886.661754,move
12,352,1783.157718,896.323508,move
12,353,1785.736577,905.985261,move
12,354,1788.315436,915.647015,move
12,355,1790.894295,925.308769,move
12,356,1793.473154,934.970523,move
12,357,1796.052013,944.632277,move
12,358,1798.630871,954.294030,move
12,359,1801.209730,963.955784,move
12,360,1803.788589,973.617538,move
12,361,1806.367448,983.279292,move
12,362,1808.946307,992.000000,move
12,363,1811.525166,982.338246,move
12,364,1814.104025,972.676492,move
12,365,1816.682884,963.014739,move
12,366,1819.261743,953.352985,move
12,367,1821.840602,943.691231,move
12,368,1824.419461,934.029477,move
12,369,1826.998320,924.367723,move
12,370,1829.577179,914.705970,move
12,371,1832.156038,905.044216,move
12,372,1834.734897,895.382462,move
12,373,1837.313755,885.720708,move
12,374,1839.892614,876.058954,move
12,375,1842.471473,866.397201,move
12,376,1845.050332,856.735447,move
13,377,876.000000,541.000000,wait
13,378,876.000000,541.000000,wait
13,379,876.000000,541.000000,wait
13,380,885.642905,538.351531,move
13,381,895.285810,535.703063,move
13,382,904.928715,533.054594,move
13,383,914.571619,530.406126,move
13,384,924.214524,527.757657,move
13,385,933.857429,525.109189,move
13,386,943.500334,522.460720,move
13,387,953.143239,519.812252,move
13,388,962.786144,517.163783,move
13,389,972.429049,514.515314,move
13,390,982.071954,511.866846,move
13,391,991.714858,509.218377,move
13,392,1001.357763,506.569909,move
13,393,1011.000668,503.921440,move
13,394,1020.643573,501.272972,move
13,395,1030.286478,498.624503,move
13,396,1039.929383,495.976035,move
13,397,1049.572288,493.327566,move
13,398,1059.215193,490.679097,move
13,399,1068.858097,488.030629,move
13,400,1078.501002,485.382160,move
13,401,1088.143907,482.733692,move
13,402,1097.786812,480.085223,move
13,403,1107.429717,477.436755,move
13,404,1117.072622,474.788286,move
13,405,1126.715527,472.139818,move
14,406,1691.000000,850.000000,wait
14,407,1691.000000,850.000000,wait
14,408,1691.000000,850.000000,wait
14,409,1692.209802,840.073451,move
14,410,1693.419605,830.146902,move
14,411,1694.629407,820.220352,move
14,412,1695.839209,810.293803,move
14,413,1697.049011,800.367254,move
14,414,1698.258814,790.440705,move
14,415,1699.468616,780.514156,move
14,416,1700.678418,770.587607,move
14,417,1701.888221,760.661057,move
14,418,1703.098023,750.734508,move
14,419,1704.307825,740.807959,move
14,420,1705.517628,730.881410,move
14,421,1706.727430,720.954861,move
14,422,1707.937232,711.028312,move
14,423,1709.147034,701.101762,move
14,424,1710.356837,691.175213,move
14,425,1711.566639,681.248664,move
14,426,1712.776441,671.322115,move
14,427,1713.986244,661.395566,move
14,428,1715.196046,651.469017,move
14,429,1716.405848,641.542467,move
14,430,1717.615651,631.615918,move
14,431,1718.825453,621.689369,move
14,432,1720.035255,611.762820,move
14,433,1721.245057,601.836271,move
14,434,1722.454860,591.909722,move
15,435,220.000000,148.000000,wait
15,436,220.000000,148.000000,wait
15,437,220.000000,148.000000,wait
15,438,220.575027,138.016546,move
15,439,221.150054,128.033093,move
15,440,221.725081,118.049639,move
15,441,222.300108,108.066186,move
15,442,222.875135,98.082732,move
15,443,223.450163,88.099279,move
15,444,224.025190,78.115825,move
15,445,224.600217,68.132372,move
15,446,225.175244,58.148918,move
15,447,225.750271,48.165465,move
15,448,226.325298,38.182011,move
15,449,226.900325,28.198558,move
15,450,227.475352,18.215104,move
15,451,228.050379,8.231651,move
15,452,228.625406,8.000000,move
15,453,229.200433,17.983454,move
15,454,229.775461,27.966907,move
15,455,230.350488,37.950361,move
15,456,230.925515,47.933814,move
15,457,231.500542,57.917268,move
15,458,232.075569,67.900721,move
15,459,232.650596,77.884175,move
15,460,233.225623,87.867628,move
15,461,233.800650,97.851082,move
15,462,234.375677,107.834535,move
15,463,234.950704,117.817989,move
16,464,1812.000000,54.000000,wait
16,465,1812.000000,54.000000,wait
16,466,1812.000000,54.000000,wait
16,467,1821.567275,51.090147,move
16,468,1831.134550,48.180294,move
16,469,1840.701826,45.270441,move
16,470,1850.269101,42.360587,move
16,471,1859.836376,39.450734,move
16,472,1862.000000,36.540881,move
16,473,1852.432725,33.631028,move
16,474,1842.865450,30.721175,move
16,475,1833.298174,27.811322,move
16,476,1823.730899,24.901469,move
16,477,1814.163624,21.991616,move
16,478,1804.596349,19.081762,move
16,479,1795.029074,16.171909,move
16,480,1785.461798,13.262056,move
16,481,1775.894523,10.352203,move
16,482,1766.327248,8.000000,move
16,483,1756.759973,10.909853,move
16,484,1747.192698,13.819706,move
16,485,1737.625422,16.729559,move
16,486,1728.058147,19.639413,move
16,487,1718.490872,22.549266,move
16,488,1708.923597,25.459119,move
16,489,1699.356322,28.368972,move
16,490,1689.789046,31.278825,move
16,491,1680.221771,34.188678,move
16,492,1670.654496,37.098531,move
17,493,257.000000,211.000000,wait
17,494,257.000000,211.000000,wait
17,495,257.000000,211.000000,wait
17,496,250.865523,203.102647,move
17,497,244.731045,195.205294,move
17,498,238.596568,187.307941,move
17,499,232.462090,179.410588,move
17,500,226.327613,171.513234,move
17,501,220.193135,163.615881,move
17,502,214.058658,155.718528,move
17,503,207.924180,147.821175,move
17,504,201.789703,139.923822,move
17,505,195.655225,132.026469,move
17,506,189.520748,124.129116,move
17,507,183.386270,116.231763,move
17,508,177.251793,108.334410,move
17,509,171.117315,100.437056,move
17,510,164.982838,92.539703,move
17,511,158.848361,84.642350,move
17,512,152.713883,76.744997,move
17,513,146.579406,68.847644,move
17,514,140.444928,60.950291,move
17,515,134.310451,53.052938,move
17,516,128.175973,45.155585,move
17,517,122.041496,37.258232,move
17,518,115.907018,29.360878,move
17,519,109.772541,21.463525,move
17,520,103.638063,13.566172,move
17,521,97.503586,8.000000,move
18,522,1736.000000,906.000000,wait
18,523,1736.000000,906.000000,wait
18,524,1736.000000,906.000000,wait
18,525,1740.839141,914.751155,move
18,526,1745.678281,923.502311,move
18,527,1750.517422,932.253466,move
18,528,1755.356562,941.004621,move
18,529,1760.195703,949.755777,move
18,530,1765.034843,958.506932,move
18,531,1769.873984,967.258087,move
18,532,1774.713124,976.009242,move
18,533,1779.552265,984.760398,move
18,534,1784.391405,992.000000,move
18,535,1789.230546,983.248845,move
18,536,1794.069686,974.497689,move
18,537,1798.908827,965.746534,move
18,538,1803.747967,956.995379,move
18,539,1808.587108,948.244223,move
18,540,1813.426248,939.493068,move
18,541,1818.265389,930.741913,move
18,542,1823.104529,921.990758,move
18,543,1827.943670,913.239602,move
18,544,1832.782810,904.488447,move
18,545,1837.621951,895.737292,move
18,546,1842.461091,886.986136,move
18,547,1847.300232,878.234981,move
18,548,1852.139372,869.483826,move
18,549,1856.978513,860.732670,move
18,550,1861.817653,851.981515,move
19,551,1032.000000,450.000000,wait
19,552,1032.000000,450.000000,wait
19,553,1032.000000,450.000000,wait
19,554,1022.002046,449.797708,move
19,555,1012.004093,449.595415,move
19,556,1002.006139,449.393123,move
19,557,992.008185,449.190831,move
19,558,982.010232,448.988538,move
19,559,972.012278,448.786246,move
19,560,962.014324,448.583954,move
19,561,952.016371,448.381661,move
19,562,942.018417,448.179369,move
19,563,932.020463,447.977076,move
19,564,922.022510,447.774784,move
19,565,912.024556,447.572492,move
19,566,902.026602,447.370199,move
19,567,892.028648,447.167907,move
19,568,882.030695,446.965615,move
19,569,872.032741,446.763322,move
19,570,862.034787,446.561030,move
19,571,852.036834,446.358738,move
19,572,842.038880,446.156445,move
19,573,832.040926,445.954153,move
19,574,822.042973,445.751861,move
19,575,812.045019,445.549568,move
19,576,802.047065,445.347276,move
19,577,792.049112,445.144984,move
19,578,782.051158,444.942691,move
19,579,772.053204,444.740399,move
20,580,130.000000,100.000000,wait
20,581,130.000000,100.000000,wait
20,582,130.000000,100.000000,wait
20,583,133.629410,109.318121,move
20,584,137.258820,118.636243,move
20,585,140.888230,127.954364,move
20,586,144.517640,137.272485,move
20,587,148.147050,146.590606,move
20,588,151.776459,155.908728,move
20,589,155.405869,165.226849,move
20,590,159.035279,174.544970,move
20,591,162.664689,183.863091,move
20,592,166.294099,193.181213,move
20,593,169.923509,202.499334,move
20,594,173.552919,211.817455,move
20,595,177.182329,221.135576,move
20,596,180.811739,230.453698,move
20,597,184.441149,239.771819,move
20,598,188.070559,249.089940,move
20,599,191.699968,258.408061,move
20,600,195.329378,267.726183,move
20,601,198.958788,277.044304,move
20,602,202.588198,286.362425,move
20,603,206.217608,295.680546,move
20,604,209.847018,304.998668,move
20,605,213.476428,314.316789,move
20,606,217.105838,323.634910,move
20,607,220.735248,332.953031,move
20,608,224.364658,342.271153,move
21,609,1682.000000,546.000000,wait
21,610,1682.000000,546.000000,wait
21,611,1682.000000,546.000000,wait
21,612,1672.000272,545.926230,move
21,613,1662.000544,545.852461,move
21,614,1652.000816,545.778691,move
21,615,1642.001088,545.704921,move
21,616,1632.001361,545.631151,move
21,617,1622.001633,545.557382,move
21,618,1612.001905,545.483612,move
21,619,1602.002177,545.409842,move
21,620,1592.002449,545.336073,move
21,621,1582.002721,545.262303,move
21,622,1572.002993,545.188533,move
21,623,1562.003265,545.114763,move
21,624,1552.003537,545.040994,move
21,625,1542.003809,544.967224,move
21,626,1532.004082,544.893454,move
21,627,1522.004354,544.819685,move
21,628,1512.004626,544.745915,move
21,629,1502.004898,544.672145,move
21,630,1492.005170,544.598375,move
21,631,1482.005442,544.524606,move
21,632,1472.005714,544.450836,move
21,633,1462.005986,544.377066,move
21,634,1452.006258,544.303297,move
21,635,1442.006530,544.229527,move
21,636,1432.006803,544.155757,move
21,637,1422.007075,544.081987,move
22,638,1703.000000,114.000000,wait
22,639,1703.000000,114.000000,wait
22,640,1703.000000,114.000000,wait
22,641,1694.120187,118.598796,move
22,642,1685.240375,123.197592,move
22,643,1676.360562,127.796389,move
22,644,1667.480749,132.395185,move
22,645,1658.600936,136.993981,move
22,646,1649.721124,141.592777,move
22,647,1640.841311,146.191573,move
22,648,1631.961498,150.790369,move
22,649,1623.081686,155.389166,move
22,650,1614.201873,159.987962,move
22,651,1605.322060,164.586758,move
22,652,1596.442247,169.185554,move
22,653,1587.562435,173.784350,move
22,654,1578.682622,178.383146,move
22,655,1569.802809,182.981943,move
22,656,1560.922997,187.580739,move
22,657,1552.043184,192.179535,move
22,658,1543.163371,196.778331,move
22,659,1534.283558,201.377127,move
22,660,1525.403746,205.975923,move
22,661,1516.523933,210.574720,move
22,662,1507.644120,215.173516,move
22,663,1498.764308,219.772312,move
22,664,1489.884495,224.371108,move
22,665,1481.004682,228.969904,move
22,666,1472.124870,233.568700,move
23,667,1832.000000,74.000000,wait
23,668,1832.000000,74.000000,wait
23,669,1832.000000,74.000000,wait
23,670,1824.057829,67.923659,move
23,671,1816.115658,61.847318,move
23,672,1808.173487,55.770977,move
23,673,1800.231316,49.694636,move
23,674,1792.289145,43.618295,move
23,675,1784.346974,37.541954,move
23,676,1776.404803,31.465613,move
23,677,1768.462632,25.389272,move
23,678,1760.520461,19.312931,move
23,679,1752.578290,13.236590,move
23,680,1744.636119,8.000000,move
23,681,1736.693948,14.076341,move
23,682,1728.751777,20.152682,move
23,683,1720.809606,26.229023,move
23,684,1712.867435,32.305364,move
23,685,1704.925264,38.381705,move
23,686,1696.983093,44.458046,move
23,687,1689.040922,50.534387,move
23,688,1681.098751,56.610728,move
23,689,1673.156580,62.687069,move
23,690,1665.214409,68.763410,move
23,691,1657.272238,74.839751,move
23,692,1649.330067,80.916092,move
23,693,1641.387896,86.992433,move
23,694,1633.445725,93.068774,move
23,695,1625.503554,99.145115,move
24,696,1675.000000,990.000000,wait
24,697,1675.000000,990.000000,wait
24,698,1675.000000,990.000000,wait
24,699,1684.950909,989.010346,move
24,700,1694.901817,988.020691,move
24,701,1704.852726,987.031037,move
24,702,1714.803635,986.041382,move
24,703,1724.754544,985.051728,move
24,704,1734.705452,984.062074,move
24,705,1744.656361,983.072419,move
24,706,1754.607270,982.082765,move
24,707,1764.558178,981.093111,move
24,708,1774.509087,980.103456,move
24,709,1784.459996,979.113802,move
24,710,1794.410905,978.124147,move
24,711,1804.361813,977.134493,move
24,712,1814.312722,976.144839,move
24,713,1824.263631,975.155184,move
24,714,1834.214539,974.165530,move
24,715,1844.165448,973.175875,move
24,716,1854.116357,972.186221,move
24,717,1862.000000,971.196567,move
24,718,1852.049091,970.206912,move
24,719,1842.098183,969.217258,move
24,720,1832.147274,968.227604,move
24,721,1822.196365,967.237949,move
24,722,1812.245456,966.248295,move
24,723,1802.294548,965.258640,move
24,724,1792.343639,964.268986,move
25,725,1585.000000,574.000000,wait
25,726,1585.000000,574.000000,wait
25,727,1585.000000,574.000000,wait
25,728,1589.959806,565.316664,move
25,729,1594.919611,556.633328,move
25,730,1599.879417,547.949991,move
25,731,1604.839223,539.266655,move
25,732,1609.799028,530.583319,move
25,733,1614.758834,521.899983,move
25,734,1619.718640,513.216647,move
25,735,1624.678446,504.533310,move
25,736,1629.638251,495.849974,move
25,737,1634.598057,487.166638,move
25,738,1639.557863,478.483302,move
25,739,1644.517668,469.799966,move
25,740,1649.477474,461.116629,move
25,741,1654.437280,452.433293,move
25,742,1659.397085,443.749957,move
25,743,1664.356891,435.066621,move
25,744,1669.316697,426.383285,move
25,745,1674.276502,417.699948,move
25,746,1679.236308,409.016612,move
25,747,1684.196114,400.333276,move
25,748,1689.155920,391.649940,move
25,749,1694.115725,382.966604,move
25,750,1699.075531,374.283268,move
25,751,1704.035337,365.599931,move
25,752,1708.995142,356.916595,move
25,753,1713.954948,348.233259,move
26,754,1329.000000,29.000000,wait
26,755,1329.000000,29.000000,wait
26,756,1329.000000,29.000000,wait
26,757,1322.700459,36.766323,move
26,758,1316.400917,44.532647,move
26,759,1310.101376,52.298970,move
26,760,1303.801834,60.065293,move
26,761,1297.502293,67.831617,move
26,762,1291.202752,75.597940,move
26,763,1284.903210,83.364263,move
26,764,1278.603669,91.130587,move
26,765,1272.304127,98.896910,move
26,766,1266.004586,106.663233,move
26,767,1259.705045,114.429557,move
26,768,1253.405503,122.195880,move
26,769,1247.105962,129.962203,move
26,770,1240.806420,137.728527,move
26,771,1234.506879,145.494850,move
26,772,1228.207338,153.261173,move
26,773,1221.907796,161.027497,move
26,774,1215.608255,168.793820,move
26,775,1209.308713,176.560143,move
26,776,1203.009172,184.326467,move
26,777,1196.709630,192.092790,move
26,778,1190.410089,199.859113,move
26,779,1184.110548,207.625437,move
26,780,1177.811006,215.391760,move
26,781,1171.511465,223.158083,move
26,782,1165.211923,230.924407,move
27,783,1448.000000,170.000000,wait
27,784,1448.000000,170.000000,wait
27,785,1448.000000,170.000000,wait
27,786,1449.707983,160.146940,move
27,787,1451.415966,150.293880,move
27,788,1453.123949,140.440820,move
27,789,1454.831932,130.587759,move
27,790,1456.539915,120.734699,move
27,791,1458.247898,110.881639,move
27,792,1459.955881,101.028579,move
27,793,1461.663864,91.175519,move
27,794,1463.371847,81.322459,move
27,795,1465.079830,71.469399,move
27,796,1466.787813,61.616339,move
27,797,1468.495796,51.763278,move
27,798,1470.203780,41.910218,move
27,799,1471.911763,32.057158,move
27,800,1473.619746,22.204098,move
27,801,1475.327729,12.351038,move
27,802,1477.035712,8.000000,move
27,803,1478.743695,17.853060,move
27,804,1480.451678,27.706120,move
27,805,1482.159661,37.559180,move
27,806,1483.867644,47.412241,move
27,807,1485.575627,57.265301,move
27,808,1487.283610,67.118361,move
27,809,1488.991593,76.971421,move
27,810,1490.699576,86.824481,move
27,811,1492.407559,96.677541,move
28,812,551.000000,683.000000,wait
28,813,551.000000,683.000000,wait
28,814,551.000000,683.000000,wait
28,815,546.254321,674.197811,move
28,816,541.508642,665.395622,move
28,817,536.762963,656.593433,move
28,818,532.017284,647.791244,move
28,819,527.271605,638.989055,move
28,820,522.525926,630.186866,move
28,821,517.780247,621.384677,move
28,822,513.034568,612.582488,move
28,823,508.288889,603.780299,move
28,824,503.543210,594.978110,move
28,825,498.797531,586.175921,move
28,826,494.051852,577.373732,move
28,827,489.306173,568.571543,move
28,828,484.560494,559.769354,move
28,829,479.814815,550.967165,move
28,830,475.069136,542.164976,move
28,831,470.323457,533.362787,move
28,832,465.577778,524.560598,move
28,833,460.832099,515.758409,move
28,834,456.086420,506.956220,move
28,835,451.340742,498.154031,move
28,836,446.595063,489.351842,move
28,837,441.849384,480.549653,move
28,838,437.103705,471.747464,move
28,839,432.358026,462.945275,move
28,840,427.612347,454.143086,move
29,841,1596.000000,107.000000,wait
29,842,1596.000000,107.000000,wait
29,843,1596.000000,107.000000,wait
29,844,1589.161282,99.703978,move
29,845,1582.322564,92.407956,move
29,846,1575.483845,85.111935,move
29,847,1568.645127,77.815913,move
29,848,1561.806409,70.519891,move
29,849,1554.967691,63.223869,move
29,850,1548.128973,55.927848,move
29,851,1541.290254,48.631826,move
29,852,1534.451536,41.335804,move
29,853,1527.612818,34.039782,move
29,854,1520.774100,26.743761,move
29,855,1513.935382,19.447739,move
29,856,1507.096663,12.151717,move
29,857,1500.257945,8.000000,move
29,858,1493.419227,15.296022,move
29,859,1486.580509,22.592044,move
29,860,1479.741791,29.888065,move
29,861,1472.903072,37.184087,move
29,862,1466.064354,44.480109,move
29,863,1459.225636,51.776131,move
29,864,1452.386918,59.072152,move
29,865,1445.548200,66.368174,move
29,866,1438.709481,73.664196,move
29,867,1431.870763,80.960218,move
29,868,1425.032045,88.256239,move
29,869,1418.193327,95.552261,move
30,870,1793.000000,19.000000,wait
30,871,1793.000000,19.000000,wait
30,872,1793.000000,19.000000,wait
30,873,1798.888105,27.082711,move
30,874,1804.776210,35.165422,move
30,875,1810.664315,43.248133,move
30,876,1816.552420,51.330845,move
30,877,1822.440525,59.413556,move
30,878,1828.328630,67.496267,move
30,879,1834.216735,75.578978,move
30,880,1840.104840,83.661689,move
30,881,1845.992945,91.744400,move
30,882,1851.881050,99.827111,move
30,883,1857.769155,107.909823,move
30,884,1862.000000,115.992534,move
30,885,1856.111895,124.075245,move
30,886,1850.223790,132.157956,move
30,887,1844.335685,140.240667,move
30,888,1838.447580,148.323378,move
30,889,1832.559475,156.406089,move
30,890,1826.671370,164.488800,move
30,891,1820.783265,172.571512,move
30,892,1814.895160,180.654223,move
30,893,1809.007055,188.736934,move
30,894,1803.118950,196.819645,move
30,895,1797.230845,204.902356,move
30,896,1791.342740,212.985067,move
30,897,1785.454635,221.067778,move
30,898,1779.566530,229.150490,move
31,899,1792.000000,951.000000,wait
31,900,1792.000000,951.000000,wait
31,901,1792.000000,951.000000,wait
31,902,1800.171902,956.763681,move
31,903,1808.343804,962.527362,move
31,904,1816.515706,968.291043,move
31,905,1824.687608,974.054723,move
31,906,1832.859510,979.818404,move
31,907,1841.031412,985.582085,move
31,908,1849.203314,991.345766,move
31,909,1857.375216,992.000000,move
31,910,1862.000000,986.236319,move
31,911,1853.828098,980.472638,move
31,912,1845.656196,974.708957,move
31,913,1837.484294,968.945277,move
31,914,1829.312392,963.181596,move
31,915,1821.140490,957.417915,move
31,916,1812.968588,951.654234,move
31,917,1804.796686,945.890553,move
31,918,1796.624784,940.126872,move
31,919,1788.452882,934.363191,move
31,920,1780.280980,928.599511,move
31,921,1772.109078,922.835830,move
31,922,1763.937175,917.072149,move
31,923,1755.765273,911.308468,move
31,924,1747.593371,905.544787,move
31,925,1739.421469,899.781106,move
31,926,1731.249567,894.017425,move
31,927,1723.077665,888.253745,move
32,928,1756.000000,94.000000,wait
32,929,1756.000000,94.000000,wait
32,930,1756.000000,94.000000,wait
32,931,1747.309564,89.052644,move
32,932,1738.619129,84.105288,move
32,933,1729.928693,79.157933,move
32,934,1721.238258,74.210577,move
32,935,1712.547822,69.263221,move
32,936,1703.857387,64.315865,move
32,937,1695.166951,59.368509,move
32,938,1686.476515,54.421154,move
32,939,1677.786080,49.473798,move
32,940,1669.095644,44.526442,move
32,941,1660.405209,39.579086,move
32,942,1651.714773,34.631730,move
32,943,1643.024337,29.684375,move
32,944,1634.333902,24.737019,move
32,945,1625.643466,19.789663,move
32,946,1616.953031,14.842307,move
32,947,1608.262595,9.894951,move
32,948,1599.572160,8.000000,move
32,949,1590.881724,12.947356,move
32,950,1582.191288,17.894712,move
32,951,1573.500853,22.842067,move
32,952,1564.810417,27.789423,move
32,953,1556.119982,32.736779,move
32,954,1547.429546,37.684135,move
32,955,1538.739111,42.631491,move
32,956,1530.048675,47.578846,move
33,957,792.000000,808.000000,wait
33,958,792.000000,808.000000,wait
33,959,792.000000,808.000000,wait
33,960,801.979442,807.359115,move
33,961,811.958884,806.718231,move
33,962,821.938327,806.077346,move
33,963,831.917769,805.436461,move
33,964,841.897211,804.795577,move
33,965,851.876653,804.154692,move
33,966,861.856095,803.513807,move
33,967,871.835538,802.872923,move
33,968,881.814980,802.232038,move
33,969,891.794422,801.591153,move
33,970,901.773864,800.950269,move
33,971,911.753307,800.309384,move
33,972,921.732749,799.668499,move
33,973,931.712191,799.027615,move
33,974,941.691633,798.386730,move
33,975,951.671075,797.745845,move
33,976,961.650518,797.104960,move
33,977,971.629960,796.464076,move
33,978,981.609402,795.823191,move
33,979,991.588844,795.182306,move
33,980,1001.568286,794.541422,move
33,981,1011.547729,793.900537,move
33,982,1021.527171,793.259652,move
33,983,1031.506613,792.618768,move
33,984,1041.486055,791.977883,move
33,985,1051.465497,791.336998,move
34,986,1810.000000,989.000000,wait
34,987,1810.000000,989.000000,wait
34,988,1810.000000,989.000000,wait
34,989,1809.225872,979.030009,move
34,990,1808.451744,969.060017,move
34,991,1807.677616,959.090026,move
34,992,1806.903488,949.120035,move
34,993,1806.129360,939.150044,move
34,994,1805.355232,929.180052,move
34,995,1804.581104,919.210061,move
34,996,1803.806977,909.240070,move
34,997,1803.032849,899.270079,move
34,998,1802.258721,889.300087,move
34,999,1801.484593,879.330096,move
34,1000,1800.710465,869.360105,move
34,1001,1799.936337,859.390113,move
34,1002,1799.162209,849.420122,move
34,1003,1798.388081,839.450131,move
34,1004,1797.613953,829.480140,move
34,1005,1796.839825,819.510148,move
34,1006,1796.065697,809.540157,move
34,1007,1795.291569,799.570166,move
34,1008,1794.517441,789.600175,move
34,1009,1793.743313,779.630183,move
34,1010,1792.969186,769.660192,move
34,1011,1792.195058,759.690201,move
34,1012,1791.420930,749.720209,move
34,1013,1790.646802,739.750218,move
34,1014,1789.872674,729.780227,move
35,1015,135.000000,110.000000,wait
35,1016,135.000000,110.000000,wait
35,1017,135.000000,110.000000,wait
35,1018,126.783702,104.299785,move
35,1019,118.567405,98.599570,move
35,1020,110.351107,92.899355,move
35,1021,102.134809,87.199140,move
35,1022,93.918511,81.498925,move
35,1023,85.702214,75.798710,move
35,1024,77.485916,70.098495,move
35,1025,69.269618,64.398280,move
35,1026,61.053320,58.698065,move
35,1027,52.837023,52.997849,move
35,1028,44.620725,47.297634,move
35,1029,36.404427,41.597419,move
35,1030,28.188130,35.897204,move
35,1031,19.971832,30.196989,move
35,1032,11.755534,24.496774,move
35,1033,8.000000,18.796559,move
35,1034,16.216298,13.096344,move
35,1035,24.432595,8.000000,move
35,1036,32.648893,13.700215,move
35,1037,40.865191,19.400430,move
35,1038,49.081489,25.100645,move
35,1039,57.297786,30.800860,move
35,1040,65.514084,36.501075,move
35,1041,73.730382,42.201290,move
35,1042,81.946680,47.901505,move
35,1043,90.162977,53.601720,move
36,1044,1661.000000,933.000000,wait
36,1045,1661.000000,933.000000,wait
36,1046,1661.000000,933.000000,wait
36,1047,1670.867146,934.624629,move
36,1048,1680.734293,936.249259,move
36,1049,1690.601439,937.873888,move
36,1050,1700.468586,939.498518,move
36,1051,1710.335732,941.123147,move
36,1052,1720.202879,942.747776,move
36,1053,1730.070025,944.372406,move
36,1054,1739.937172,945.997035,move
36,1055,1749.804318,947.621664,move
36,1056,1759.671465,949.246294,move
36,1057,1769.538611,950.870923,move
36,1058,1779.405758,952.495553,move
36,1059,1789.272904,954.120182,move
36,1060,1799.140051,955.744811,move
36,1061,1809.007197,957.369441,move
36,1062,1818.874343,958.994070,move
36,1063,1828.741490,960.618699,move
36,1064,1838.608636,962.243329,move
36,1065,1848.475783,963.867958,move
36,1066,1858.342929,965.492588,move
36,1067,1862.000000,967.117217,move
36,1068,1852.132854,968.741846,move
36,1069,1842.265707,970.366476,move
36,1070,1832.398561,971.991105,move
36,1071,1822.531414,973.615734,move
36,1072,1812.664268,975.240364,move
37,1073,1774.000000,957.000000,wait
37,1074,1774.000000,957.000000,wait
37,1075,1774.000000,957.000000,wait
37,1076,1769.262210,948.193562,move
37,1077,1764.524419,939.387125,move
37,1078,1759.786629,930.580687,move
37,1079,1755.048839,921.774250,move
37,1080,1750.311048,912.967812,move
37,1081,1745.573258,904.161375,move
37,1082,1740.835468,895.354937,move
37,1083,1736.097677,886.548499,move
37,1084,1731.359887,877.742062,move
37,1085,1726.622096,868.935624,move
37,1086,1721.884306,860.129187,move
37,1087,1717.146516,851.322749,move
37,1088,1712.408725,842.516312,move
37,1089,1707.670935,833.709874,move
37,1090,1702.933145,824.903437,move
37,1091,1698.195354,816.096999,move
37,1092,1693.457564,807.290561,move
37,1093,1688.719774,798.484124,move
37,1094,1683.981983,789.677686,move
37,1095,1679.244193,780.871249,move
37,1096,1674.506403,772.064811,move
37,1097,1669.768612,763.258374,move
37,1098,1665.030822,754.451936,move
37,1099,1660.293032,745.645498,move
37,1100,1655.555241,736.839061,move
37,1101,1650.817451,728.032623,move
38,1102,1752.000000,938.000000,wait
38,1103,1752.000000,938.000000,wait
38,1104,1752.000000,938.000000,wait
38,1105,1749.251610,947.614903,move
38,1106,1746.503220,957.229805,move
38,1107,1743.754831,966.844708,move
38,1108,1741.006441,976.459611,move
38,1109,1738.258051,986.074513,move
38,1110,1735.509661,992.000000,move
38,1111,1732.761271,982.385097,move
38,1112,1730.012881,972.770195,move
38,1113,1727.264492,963.155292,move
38,1114,1724.516102,953.540389,move
38,1115,1721.767712,943.925487,move
38,1116,1719.019322,934.310584,move
38,1117,1716.270932,924.695681,move
38,1118,1713.522542,915.080779,move
38,1119,1710.774153,905.465876,move
38,1120,1708.025763,895.850973,move
38,1121,1705.277373,886.236071,move
38,1122,1702.528983,876.621168,move
38,1123,1699.780593,867.006265,move
38,1124,1697.032203,857.391363,move
38,1125,1694.283814,847.776460,move
38,1126,1691.535424,838.161557,move
38,1127,1688.787034,828.546655,move
38,1128,1686.038644,818.931752,move
38,1129,1683.290254,809.316849,move
38,1130,1680.541864,799.701947,move
39,1131,1821.000000,929.000000,wait
39,1132,1821.000000,929.000000,wait
39,1133,1821.000000,929.000000,wait
39,1134,1828.986427,922.981945,move
39,1135,1836.972853,916.963889,move
39,1136,1844.959280,910.945834,move
39,1137,1852.945706,904.927778,move
39,1138,1860.932133,898.909723,move
39,1139,1862.000000,892.891668,move
39,1140,1854.013573,886.873612,move
39,1141,1846.027147,880.855557,move
39,1142,1838.040720,874.837502,move
39,1143,1830.054294,868.819446,move
39,1144,1822.067867,862.801391,move
39,1145,1814.081441,856.783335,move
39,1146,1806.095014,850.765280,move
39,1147,1798.108587,844.747225,move
39,1148,1790.122161,838.729169,move
39,1149,1782.135734,832.711114,move
39,1150,1774.149308,826.693058,move
39,1151,1766.162881,820.675003,move
39,1152,1758.176455,814.656948,move
39,1153,1750.190028,808.638892,move
39,1154,1742.203601,802.620837,move
39,1155,1734.217175,796.602781,move
39,1156,1726.230748,790.584726,move
39,1157,1718.244322,784.566671,move
39,1158,1710.257895,778.548615,move
39,1159,1702.271469,772.530560,move
40,1160,221.000000,21.000000,wait
40,1161,221.000000,21.000000,wait
40,1162,221.000000,21.000000,wait
40,1163,219.060603,30.810135,move
40,1164,217.121207,40.620269,move
40,1165,215.181810,50.430404,move
40,1166,213.242413,60.240538,move
40,1167,211.303017,70.050673,move
40,1168,209.363620,79.860808,move
40,1169,207.424223,89.670942,move
40,1170,205.484827,99.481077,move
40,1171,203.545430,109.291211,move
40,1172,201.606034,119.101346,move
40,1173,199.666637,128.911480,move
40,1174,197.727240,138.721615,move
40,1175,195.787844,148.531750,move
40,1176,193.848447,158.341884,move
40,1177,191.909050,168.152019,move
40,1178,189.969654,177.962153,move
40,1179,188.030257,187.772288,move
40,1180,186.090860,197.582423,move
40,1181,184.151464,207.392557,move
40,1182,182.212067,217.202692,move
40,1183,180.272670,227.012826,move
40,1184,178.333274,236.822961,move
40,1185,176.393877,246.633096,move
40,1186,174.454480,256.443230,move
40,1187,172.515084,266.253365,move
40,1188,170.575687,276.063499,move
41,1189,1639.000000,958.000000,wait
41,1190,1639.000000,958.000000,wait
41,1191,1639.000000,958.000000,wait
41,1192,1633.916169,966.611310,move
41,1193,1628.832337,975.222620,move
41,1194,1623.748506,983.833930,move
41,1195,1618.664674,992.000000,move
41,1196,1613.580843,983.388690,move
41,1197,1608.497011,974.777380,move
41,1198,1603.413180,966.166070,move
41,1199,1598.329348,957.554761,move
41,1200,1593.245517,948.943451,move
41,1201,1588.161685,940.332141,move
41,1202,1583.077854,931.720831,move
41,1203,1577.994022,923.109521,move
41,1204,1572.910191,914.498211,move
41,1205,1567.826359,905.886901,move
41,1206,1562.742528,897.275592,move
41,1207,1557.658696,888.664282,move
41,1208,1552.574865,880.052972,move
41,1209,1547.491033,871.441662,move
41,1210,1542.407202,862.830352,move
41,1211,1537.323370,854.219042,move
41,1212,1532.239539,845.607732,move
41,1213,1527.155708,836.996422,move
41,1214,1522.071876,828.385113,move
41,1215,1516.988045,819.773803,move
41,1216,1511.904213,811.162493,move
41,1217,1506.820382,802.551183,move
42,1218,762.000000,834.000000,wait
42,1219,762.000000,834.000000,wait
42,1220,762.000000,834.000000,wait
42,1221,753.394314,828.906655,move
42,1222,744.788628,823.813309,move
42,1223,736.182942,818.719964,move
42,1224,727.577255,813.626619,move
42,1225,718.971569,808.533274,move
42,1226,710.365883,803.439928,move
42,1227,701.760197,798.346583,move
42,1228,693.154511,793.253238,move
42,1229,684.548825,788.159893,move
42,1230,675.943139,783.066547,move
42,1231,667.337452,777.973202,move
42,1232,658.731766,772.879857,move
42,1233,650.126080,767.786511,move
42,1234,641.520394,762.693166,move
42,1235,632.914708,757.599821,move
42,1236,624.309022,752.506476,move
42,1237,615.703336,747.413130,move
42,1238,607.097650,742.319785,move
42,1239,598.491963,737.226440,move
42,1240,589.886277,732.133094,move
42,1241,581.280591,727.039749,move
42,1242,572.674905,721.946404,move
42,1243,564.069219,716.853059,move
42,1244,555.463533,711.759713,move
42,1245,546.857847,706.666368,move
42,1246,538.252160,701.573023,move
43,1247,1175.000000,228.000000,wait
43,1248,1175.000000,228.000000,wait
43,1249,1175.000000,228.000000,wait
43,1250,1182.529871,221.419647,move
43,1251,1190.059742,214.839295,move
43,1252,1197.589614,208.258942,move
43,1253,1205.119485,201.678590,move
43,1254,1212.649356,195.098237,move
43,1255,1220.179227,188.517885,move
43,1256,1227.709099,181.937532,move
43,1257,1235.238970,175.357180,move
43,1258,1242.768841,168.776827,move
43,1259,1250.298712,162.196475,move
43,1260,1257.828583,155.616122,move
43,1261,1265.358455,149.035770,move
43,1262,1272.888326,142.455417,move
43,1263,1280.418197,135.875065,move
43,1264,1287.948068,129.294712,move
43,1265,1295.477939,122.714359,move
43,1266,1303.007811,116.134007,move
43,1267,1310.537682,109.553654,move
43,1268,1318.067553,102.973302,move
43,1269,1325.597424,96.392949,move
43,1270,1333.127296,89.812597,move
43,1271,1340.657167,83.232244,move
43,1272,1348.187038,76.651892,move
43,1273,1355.716909,70.071539,move
43,1274,1363.246780,63.491187,move
43,1275,1370.776652,56.910834,move
44,1276,1213.000000,10.000000,wait
44,1277,1213.000000,10.000000,wait
44,1278,1213.000000,10.000000,wait
44,1279,1212.532521,8.000000,move
44,1280,1212.065042,17.989067,move
44,1281,1211.597563,27.978134,move
44,1282,1211.130084,37.967202,move
44,1283,1210.662605,47.956269,move
44,1284,1210.195127,57.945336,move
44,1285,1209.727648,67.934403,move
44,1286,1209.260169,77.923470,move
44,1287,1208.792690,87.912538,move
44,1288,1208.325211,97.901605,move
44,1289,1207.857732,107.890672,move
44,1290,1207.390253,117.879739,move
44,1291,1206.922774,127.868806,move
44,1292,1206.455295,137.857874,move
44,1293,1205.987816,147.846941,move
44,1294,1205.520337,157.836008,move
44,1295,1205.052858,167.825075,move
44,1296,1204.585380,177.814142,move
44,1297,1204.117901,187.803210,move
44,1298,1203.650422,197.792277,move
44,1299,1203.182943,207.781344,move
44,1300,1202.715464,217.770411,move
44,1301,1202.247985,227.759478,move
44,1302,1201.780506,237.748546,move
44,1303,1201.313027,247.737613,move
44,1304,1200.845548,257.726680,move
45,1305,853.000000,431.000000,wait
45,1306,853.000000,431.000000,wait
45,1307,853.000000,431.000000,wait
45,1308,854.753835,440.845002,move
45,1309,856.507670,450.690004,move
45,1310,858.261505,460.535006,move
45,1311,860.015340,470.380008,move
45,1312,861.769175,480.225010,move
45,1313,863.523010,490.070011,move
45,1314,865.276846,499.915013,move
45,1315,867.030681,509.760015,move
45,1316,868.784516,519.605017,move
45,1317,870.538351,529.450019,move
45,1318,872.292186,539.295021,move
45,1319,874.046021,549.140023,move
45,1320,875.799856,558.985025,move
45,1321,877.553691,568.830027,move
45,1322,879.307526,578.675029,move
45,1323,881.061361,588.520030,move
45,1324,882.815196,598.365032,move
45,1325,884.569031,608.210034,move
45,1326,886.322866,618.055036,move
45,1327,888.076702,627.900038,move
45,1328,889.830537,637.745040,move
45,1329,891.584372,647.590042,move
45,1330,893.338207,657.435044,move
45,1331,895.092042,667.280046,move
45,1332,896.845877,677.125048,move
45,1333,898.599712,686.970050,move
46,1334,1854.000000,131.000000,wait
46,1335,1854.000000,131.000000,wait
46,1336,1854.000000,131.000000,wait
46,1337,1844.045204,130.050249,move
46,1338,1834.090407,129.100498,move
46,1339,1824.135611,128.150747,move
46,1340,1814.180814,127.200996,move
46,1341,1804.226018,126.251245,move
46,1342,1794.271221,125.301494,move
46,1343,1784.316425,124.351743,move
46,1344,1774.361628,123.401992,move
46,1345,1764.406832,122.452241,move
46,1346,1754.452035,121.502490,move
46,1347,1744.497239,120.552739,move
46,1348,1734.542442,119.602989,move
46,1349,1724.587646,118.653238,move
46,1350,1714.632849,117.703487,move
46,1351,1704.678053,116.753736,move
46,1352,1694.723256,115.803985,move
46,1353,1684.768460,114.854234,move
46,1354,1674.813663,113.904483,move
46,1355,1664.858867,112.954732,move
46,1356,1654.904070,112.004981,move
46,1357,1644.949274,111.055230,move
46,1358,1634.994477,110.105479,move
46,1359,1625.039681,109.155728,move
46,1360,1615.084884,108.205977,move
46,1361,1605.130088,107.256226,move
46,1362,1595.175291,106.306475,move
47,1363,236.000000,118.000000,wait
47,1364,236.000000,118.000000,wait
47,1365,236.000000,118.000000,wait
47,1366,235.456412,127.985215,move
47,1367,234.912825,137.970429,move
47,1368,234.369237,147.955644,move
47,1369,233.825650,157.940859,move
47,1370,233.282062,167.926074,move
47,1371,232.738475,177.911288,move
47,1372,232.194887,187.896503,move
47,1373,231.651300,197.881718,move
47,1374,231.107712,207.866932,move
47,1375,230.564125,217.852147,move
47,1376,230.020537,227.837362,move
47,1377,229.476950,237.822576,move
47,1378,228.933362,247.807791,move
47,1379,228.389775,257.793006,move
47,1380,227.846187,267.778221,move
47,1381,227.302600,277.763435,move
47,1382,226.759012,287.748650,move
47,1383,226.215425,297.733865,move
47,1384,225.671837,307.719079,move
47,1385,225.128250,317.704294,move
47,1386,224.584662,327.689509,move
47,1387,224.041075,337.674723,move
47,1388,223.497487,347.659938,move
47,1389,222.953900,357.645153,move
47,1390,222.410312,367.630368,move
47,1391,221.866725,377.615582,move
48,1392,1847.000000,127.000000,wait
48,1393,1847.000000,127.000000,wait
48,1394,1847.000000,127.000000,wait
48,1395,1837.860246,131.057696,move
48,1396,1828.720492,135.115393,move
48,1397,1819.580739,139.173089,move
48,1398,1810.440985,143.230786,move
48,1399,1801.301231,147.288482,move
48,1400,1792.161477,151.346179,move
48,1401,1783.021724,155.403875,move
48,1402,1773.881970,159.461572,move
48,1403,1764.742216,163.519268,move
48,1404,1755.602462,167.576965,move
48,1405,1746.462708,171.634661,move
48,1406,1737.322955,175.692358,move
48,1407,1728.183201,179.750054,move
48,1408,1719.043447,183.807751,move
48,1409,1709.903693,187.865447,move
48,1410,1700.763940,191.923144,move
48,1411,1691.624186,195.980840,move
48,1412,1682.484432,200.038537,move
48,1413,1673.344678,204.096233,move
48,1414,1664.204924,208.153930,move
48,1415,1655.065171,212.211626,move
48,1416,1645.925417,216.269323,move
48,1417,1636.785663,220.327019,move
48,1418,1627.645909,224.384716,move
48,1419,1618.506156,228.442412,move
48,1420,1609.366402,232.500109,move
49,1421,684.000000,925.000000,wait
49,1422,684.000000,925.000000,wait
49,1423,684.000000,925.000000,wait
49,1424,693.996670,925.258066,move
49,1425,703.993339,925.516133,move
49,1426,713.990009,925.774199,move
49,1427,723.986678,926.032266,move
49,1428,733.983348,926.290332,move
49,1429,743.980017,926.548399,move
49,1430,753.976687,926.806465,move
49,1431,763.973356,927.064531,move
49,1432,773.970026,927.322598,move
49,1433,783.966695,927.580664,move
49,1434,793.963365,927.838731,move
49,1435,803.960034,928.096797,move
49,1436,813.956704,928.354864,move
49,1437,823.953373,928.612930,move
49,1438,833.950043,928.870996,move
49,1439,843.946713,929.129063,move
49,1440,853.943382,929.387129,move
49,1441,863.940052,929.645196,move
49,1442,873.936721,929.903262,move
49,1443,883.933391,930.161328,move
49,1444,893.930060,930.419395,move
49,1445,903.926730,930.677461,move
49,1446,913.923399,930.935528,move
49,1447,923.920069,931.193594,move
49,1448,933.916738,931.451661,move
49,1449,943.913408,931.709727,move
50,1450,222.000000,979.000000,wait
50,1451,222.000000,979.000000,wait
50,1452,222.000000,979.000000,wait
50,1453,212.023029,979.678266,move
50,1454,202.046058,980.356533,move
50,1455,192.069086,981.034799,move
50,1456,182.092115,981.713066,move
50,1457,172.115144,982.391332,move
50,1458,162.138173,983.069599,move
50,1459,152.161202,983.747865,move
50,1460,142.184230,984.426132,move
50,1461,132.207259,985.104398,move
50,1462,122.230288,985.782665,move
50,1463,112.253317,986.460931,move
50,1464,102.276345,987.139198,move
50,1465,92.299374,987.817464,move
50,1466,82.322403,988.495731,move
50,1467,72.345432,989.173997,move
50,1468,62.368461,989.852264,move
50,1469,52.391489,990.530530,move
50,1470,42.414518,991.208797,move
50,1471,32.437547,991.887063,move
50,1472,22.460576,992.000000,move
50,1473,12.483605,991.321734,move
50,1474,8.000000,990.643467,move
50,1475,17.976971,989.965201,move
50,1476,27.953942,989.286934,move
50,1477,37.930914,988.608668,move
50,1478,47.907885,987.930401,move
51,1479,456.000000,729.000000,wait
51,1480,456.000000,729.000000,wait
51,1481,456.000000,729.000000,wait
51,1482,456.978853,738.951977,move
51,1483,457.957706,748.903954,move
51,1484,458.936559,758.855931,move
51,1485,459.915412,768.807908,move
51,1486,460.894265,778.759885,move
51,1487,461.873118,788.711862,move
51,1488,462.851971,798.663839,move
51,1489,463.830824,808.615816,move
51,1490,464.809677,818.567793,move
51,1491,465.788530,828.519770,move
51,1492,466.767383,838.471747,move
51,1493,467.746236,848.423724,move
51,1494,468.725089,858.375701,move
51,1495,469.703942,868.327678,move
51,1496,470.682795,878.279655,move
51,1497,471.661647,888.231633,move
51,1498,472.640500,898.183610,move
51,1499,473.619353,908.135587,move
51,1500,474.598206,918.087564,move
51,1501,475.577059,928.039541,move
51,1502,476.555912,937.991518,move
51,1503,477.534765,947.943495,move
51,1504,478.513618,957.895472,move
51,1505,479.492471,967.847449,move
51,1506,480.471324,977.799426,move
51,1507,481.450177,987.751403,move
52,1508,1603.000000,978.000000,wait
52,1509,1603.000000,978.000000,wait
52,1510,1603.000000,978.000000,wait
52,1511,1598.501337,969.069041,move
52,1512,1594.002673,960.138082,move
52,1513,1589.504010,951.207123,move
52,1514,1585.005346,942.276164,move
52,1515,1580.506683,933.345205,move
52,1516,1576.008019,924.414247,move
52,1517,1571.509356,915.483288,move
52,1518,1567.010692,906.552329,move
52,1519,1562.512029,897.621370,move
52,1520,1558.013365,888.690411,move
52,1521,1553.514702,879.759452,move
52,1522,1549.016038,870.828493,move
52,1523,1544.517375,861.897534,move
52,1524,1540.018711,852.966575,move
52,1525,1535.520048,844.035616,move
52,1526,1531.021384,835.104658,move
52,1527,1526.522721,826.173699,move
52,1528,1522.024057,817.242740,move
52,1529,1517.525394,808.311781,move
52,1530,1513.026730,799.380822,move
52,1531,1508.528067,790.449863,move
52,1532,1504.029403,781.518904,move
52,1533,1499.530740,772.587945,move
52,1534,1495.032077,763.656986,move
52,1535,1490.533413,754.726027,move
52,1536,1486.034750,745.795069,move
53,1537,1747.000000,108.000000,wait
53,1538,1747.000000,108.000000,wait
53,1539,1747.000000,108.000000,wait
53,1540,1737.014625,107.459361,move
53,1541,1727.029250,106.918722,move
53,1542,1717.043876,106.378083,move
53,1543,1707.058501,105.837444,move
53,1544,1697.073126,105.296805,move
53,1545,1687.087751,104.756166,move
53,1546,1677.102377,104.215527,move
53,1547,1667.117002,103.674888,move
53,1548,1657.131627,103.134248,move
53,1549,1647.146252,102.593609,move
53,1550,1637.160877,102.052970,move
53,1551,1627.175503,101.512331,move
53,1552,1617.190128,100.971692,move
53,1553,1607.204753,100.431053,move
53,1554,1597.219378,99.890414,move
53,1555,1587.234004,99.349775,move
53,1556,1577.248629,98.809136,move
53,1557,1567.263254,98.268497,move
53,1558,1557.277879,97.727858,move
53,1559,1547.292504,97.187219,move
53,1560,1537.307130,96.646580,move
53,1561,1527.321755,96.105941,move
53,1562,1517.336380,95.565302,move
53,1563,1507.351005,95.024663,move
53,1564,1497.365631,94.484024,move
53,1565,1487.380256,93.943384,move
54,1566,1778.000000,941.000000,wait
54,1567,1778.000000,941.000000,wait
54,1568,1778.000000,941.000000,wait
54,1569,1768.127777,939.406508,move
54,1570,1758.255554,937.813016,move
54,1571,1748.383331,936.219524,move
54,1572,1738.511109,934.626033,move
54,1573,1728.638886,933.032541,move
54,1574,1718.766663,931.439049,move
54,1575,1708.894440,929.845557,move
54,1576,1699.022217,928.252065,move
54,1577,1689.149994,926.658573,move
54,1578,1679.277772,925.065082,move
54,1579,1669.405549,923.471590,move
54,1580,1659.533326,921.878098,move
54,1581,1649.661103,920.284606,move
54,1582,1639.788880,918.691114,move
54,1583,1629.916657,917.097622,move
54,1584,1620.044435,915.504131,move
54,1585,1610.172212,913.910639,move
54,1586,1600.299989,912.317147,move
54,1587,1590.427766,910.723655,move
54,1588,1580.555543,909.130163,move
54,1589,1570.683320,907.536671,move
54,1590,1560.811098,905.943179,move
54,1591,1550.938875,904.349688,move
54,1592,1541.066652,902.756196,move
54,1593,1531.194429,901.162704,move
54,1594,1521.322206,899.569212,move
55,1595,1308.000000,744.000000,wait
55,1596,1308.000000,744.000000,wait
55,1597,1308.000000,744.000000,wait
55,1598,1302.480156,735.661456,move
55,1599,1296.960312,727.322911,move
55,1600,1291.440468,718.984367,move
55,1601,1285.920624,710.645822,move
55,1602,1280.400780,702.307278,move
55,1603,1274.880937,693.968733,move
55,1604,1269.361093,685.630189,move
55,1605,1263.841249,677.291645,move
55,1606,1258.321405,668.953100,move
55,1607,1252.801561,660.614556,move
55,1608,1247.281717,652.276011,move
55,1609,1241.761873,643.937467,move
55,1610,1236.242029,635.598922,move
55,1611,1230.722185,627.260378,move
55,1612,1225.202341,618.921833,move
55,1613,1219.682498,610.583289,move
55,1614,1214.162654,602.244745,move
55,1615,1208.642810,593.906200,move
55,1616,1203.122966,585.567656,move
55,1617,1197.603122,577.229111,move
55,1618,1192.083278,568.890567,move
55,1619,1186.563434,560.552022,move
55,1620,1181.043590,552.213478,move
55,1621,1175.523746,543.874934,move
55,1622,1170.003902,535.536389,move
55,1623,1164.484059,527.197845,move
56,1624,176.000000,60.000000,wait
56,1625,176.000000,60.000000,wait
56,1626,176.000000,60.000000,wait
56,1627,185.971061,60.760225,move
56,1628,195.942122,61.520450,move
56,1629,205.913183,62.280675,move
56,1630,215.884244,63.040900,move
56,1631,225.855305,63.801124,move
56,1632,235.826366,64.561349,move
56,1633,245.797427,65.321574,move
56,1634,255.768488,66.081799,move
56,1635,265.739549,66.842024,move
56,1636,275.710610,67.602249,move
56,1637,285.681671,68.362474,move
56,1638,295.652732,69.122699,move
56,1639,305.623793,69.882924,move
56,1640,315.594854,70.643148,move
56,1641,325.565915,71.403373,move
56,1642,335.536977,72.163598,move
56,1643,345.508038,72.923823,move
56,1644,355.479099,73.684048,move
56,1645,365.450160,74.444273,move
56,1646,375.421221,75.204498,move
56,1647,385.392282,75.964723,move
56,1648,395.363343,76.724948,move
56,1649,405.334404,77.485172,move
56,1650,415.305465,78.245397,move
56,1651,425.276526,79.005622,move
56,1652,435.247587,79.765847,move
57,1653,136.000000,947.000000,wait
57,1654,136.000000,947.000000,wait
57,1655,136.000000,947.000000,wait
57,1656,142.231677,939.179118,move
57,1657,148.463355,931.358236,move
57,1658,154.695032,923.537354,move
57,1659,160.926710,915.716472,move
57,1660,167.158387,907.895590,move
57,1661,173.390065,900.074708,move
57,1662,179.621742,892.253826,move
57,1663,185.853420,884.432944,move
57,1664,192.085097,876.612062,move
57,1665,198.316775,868.791180,move
57,1666,204.548452,860.970298,move
57,1667,210.780130,853.149415,move
57,1668,217.011807,845.328533,move
57,1669,223.243485,837.507651,move
57,1670,229.475162,829.686769,move
57,1671,235.706840,821.865887,move
57,1672,241.938517,814.045005,move
57,1673,248.170194,806.224123,move
57,1674,254.401872,798.403241,move
57,1675,260.633549,790.582359,move
57,1676,266.865227,782.761477,move
57,1677,273.096904,774.940595,move
57,1678,279.328582,767.119713,move
57,1679,285.560259,759.298831,move
57,1680,291.791937,751.477949,move
57,1681,298.023614,743.657067,move
58,1682,706.000000,649.000000,wait
58,1683,706.000000,649.000000,wait
58,1684,706.000000,649.000000,wait
58,1685,696.244608,646.801745,move
58,1686,686.489216,644.603490,move
58,1687,676.733824,642.405235,move
58,1688,666.978431,640.206981,move
58,1689,657.223039,638.008726,move
58,1690,647.467647,635.810471,move
58,1691,637.712255,633.612216,move
58,1692,627.956863,631.413961,move
58,1693,618.201471,629.215706,move
58,1694,608.446079,627.017452,move
58,1695,598.690687,624.819197,move
58,1696,588.935294,622.620942,move
58,1697,579.179902,620.422687,move
58,1698,569.424510,618.224432,move
58,1699,559.669118,616.026177,move
58,1700,549.913726,613.827922,move
58,1701,540.158334,611.629668,move
58,1702,530.402942,609.431413,move
58,1703,520.647550,607.233158,move
58,1704,510.892157,605.034903,move
58,1705,501.136765,602.836648,move
58,1706,491.381373,600.638393,move
58,1707,481.625981,598.440139,move
58,1708,471.870589,596.241884,move
58,1709,462.115197,594.043629,move
58,1710,452.359805,591.845374,move
59,1711,1722.000000,71.000000,wait
59,1712,1722.000000,71.000000,wait
59,1713,1722.000000,71.000000,wait
59,1714,1731.016042,75.325620,move
59,1715,1740.032084,79.651240,move
59,1716,1749.048126,83.976860,move
59,1717,1758.064168,88.302479,move
59,1718,1767.080210,92.628099,move
59,1719,1776.096252,96.953719,move
59,1720,1785.112294,101.279339,move
59,1721,1794.128336,105.604959,move
59,1722,1803.144378,109.930579,move
59,1723,1812.160420,114.256198,move
59,1724,1821.176462,118.581818,move
59,1725,1830.192504,122.907438,move
59,1726,1839.208546,127.233058,move
59,1727,1848.224588,131.558678,move
59,1728,1857.240630,135.884298,move
59,1729,1862.000000,140.209917,move
59,1730,1852.983958,144.535537,move
59,1731,1843.967916,148.861157,move
59,1732,1834.951874,153.186777,move
59,1733,1825.935832,157.512397,move
59,1734,1816.919790,161.838017,move
59,1735,1807.903748,166.163636,move
59,1736,1798.887706,170.489256,move
59,1737,1789.871664,174.814876,move
59,1738,1780.855622,179.140496,move
59,1739,1771.839580,183.466116,move
60,1740,775.000000,130.000000,wait
60,1741,775.000000,130.000000,wait
60,1742,775.000000,130.000000,wait
60,1743,784.877064,128.436799,move
60,1744,794.754129,126.873598,move
60,1745,804.631193,125.310396,move
60,1746,814.508258,123.747195,move
60,1747,824.385322,122.183994,move
60,1748,834.262387,120.620793,move
60,1749,844.139451,119.057592,move
60,1750,854.016516,117.494390,move
60,1751,863.893580,115.931189,move
60,1752,873.770644,114.367988,move
60,1753,883.647709,112.804787,move
60,1754,893.524773,111.241586,move
60,1755,903.401838,109.678384,move
60,1756,913.278902,108.115183,move
60,1757,923.155967,106.551982,move
60,1758,933.033031,104.988781,move
60,1759,942.910096,103.425580,move
60,1760,952.787160,101.862378,move
60,1761,962.664224,100.299177,move
60,1762,972.541289,98.735976,move
60,1763,982.418353,97.172775,move
60,1764,992.295418,95.609574,move
60,1765,1002.172482,94.046372,move
60,1766,1012.049547,92.483171,move
60,1767,1021.926611,90.919970,move
60,1768,1031.803676,89.356769,move
61,1769,1858.000000,29.000000,wait
61,1770,1858.000000,29.000000,wait
61,1771,1858.000000,29.000000,wait
61,1772,1848.932670,24.782947,move
61,1773,1839.865341,20.565895,move
61,1774,1830.798011,16.348842,move
61,1775,1821.730681,12.131790,move
61,1776,1812.663351,8.000000,move
61,1777,1803.596022,12.217053,move
61,1778,1794.528692,16.434105,move
61,1779,1785.461362,20.651158,move
61,1780,1776.394033,24.868210,move
61,1781,1767.326703,29.085263,move
61,1782,1758.259373,33.302315,move
61,1783,1749.192043,37.519368,move
61,1784,1740.124714,41.736420,move
61,1785,1731.057384,45.953473,move
61,1786,1721.990054,50.170525,move
61,1787,1712.922725,54.387578,move
61,1788,1703.855395,58.604630,move
61,1789,1694.788065,62.821683,move
61,1790,1685.720735,67.038735,move
61,1791,1676.653406,71.255788,move
61,1792,1667.586076,75.472840,move
61,1793,1658.518746,79.689893,move
61,1794,1649.451417,83.906945,move
61,1795,1640.384087,88.123998,move
61,1796,1631.316757,92.341050,move
61,1797,1622.249427,96.558103,move
62,1798,101.000000,44.000000,wait
62,1799,101.000000,44.000000,wait
62,1800,101.000000,44.000000,wait
62,1801,91.284697,41.630849,move
62,1802,81.569393,39.261697,move
62,1803,71.854090,36.892546,move
62,1804,62.138786,34.523395,move
62,1805,52.423483,32.154243,move
62,1806,42.708179,29.785092,move
62,1807,32.992876,27.415941,move
62,1808,23.277572,25.046789,move
62,1809,13.562269,22.677638,move
62,1810,8.000000,20.308487,move
62,1811,17.715303,17.939335,move
62,1812,27.430607,15.570184,move
62,1813,37.145910,13.201032,move
62,1814,46.861214,10.831881,move
62,1815,56.576517,8.462730,move
62,1816,66.291821,8.000000,move
62,1817,76.007124,10.369151,move
62,1818,85.722428,12.738303,move
62,1819,95.437731,15.107454,move
62,1820,105.153035,17.476605,move
62,1821,114.868338,19.845757,move
62,1822,124.583642,22.214908,move
62,1823,134.298945,24.584059,move
62,1824,144.014249,26.953211,move
62,1825,153.729552,29.322362,move
62,1826,163.444856,31.691513,move
63,1827,1837.000000,92.000000,wait
63,1828,1837.000000,92.000000,wait
63,1829,1837.000000,92.000000,wait
63,1830,1831.229890,83.832636,move
63,1831,1825.459780,75.665273,move
63,1832,1819.689669,67.497909,move
63,1833,1813.919559,59.330546,move
63,1834,1808.149449,51.163182,move
63,1835,1802.379339,42.995818,move
63,1836,1796.609229,34.828455,move
63,1837,1790.839118,26.661091,move
63,1838,1785.069008,18.493728,move
63,1839,1779.298898,10.326364,move
63,1840,1773.528788,8.000000,move
63,1841,1767.758677,16.167364,move
63,1842,1761.988567,24.334727,move
63,1843,1756.218457,32.502091,move
63,1844,1750.448347,40.669454,move
63,1845,1744.678237,48.836818,move
63,1846,1738.908126,57.004182,move
63,1847,1733.138016,65.171545,move
63,1848,1727.367906,73.338909,move
63,1849,1721.597796,81.506272,move
63,1850,1715.827686,89.673636,move
63,1851,1710.057575,97.841000,move
63,1852,1704.287465,106.008363,move
63,1853,1698.517355,114.175727,move
63,1854,1692.747245,122.343090,move
63,1855,1686.977134,130.510454,move
64,1856,1714.000000,908.000000,wait
64,1857,1714.000000,908.000000,wait
64,1858,1714.000000,908.000000,wait
64,1859,1707.223209,915.353578,move
64,1860,1700.446418,922.707156,move
64,1861,1693.669628,930.060733,move
64,1862,1686.892837,937.414311,move
64,1863,1680.116046,944.767889,move
64,1864,1673.339255,952.121467,move
64,1865,1666.562464,959.475045,move
64,1866,1659.785674,966.828622,move
64,1867,1653.008883,974.182200,move
64,1868,1646.232092,981.535778,move
64,1869,1639.455301,988.889356,move
64,1870,1632.678510,992.000000,move
64,1871,1625.901720,984.646422,move
64,1872,1619.124929,977.292844,move
64,1873,1612.348138,969.939267,move
64,1874,1605.571347,962.585689,move
64,1875,1598.794556,955.232111,move
64,1876,1592.017766,947.878533,move
64,1877,1585.240975,940.524955,move
64,1878,1578.464184,933.171378,move
64,1879,1571.687393,925.817800,move
64,1880,1564.910602,918.464222,move
64,1881,1558.133812,911.110644,move
64,1882,1551.357021,903.757066,move
64,1883,1544.580230,896.403489,move
64,1884,1537.803439,889.049911,move
65,1885,1640.000000,982.000000,wait
65,1886,1640.000000,982.000000,wait
65,1887,1640.000000,982.000000,wait
65,1888,1638.945333,991.944228,move
65,1889,1637.890665,992.000000,move
65,1890,1636.835998,982.055772,move
65,1891,1635.781331,972.111543,move
65,1892,1634.726663,962.167315,move
65,1893,1633.671996,952.223087,move
65,1894,1632.617328,942.278858,move
65,1895,1631.562661,932.334630,move
65,1896,1630.507994,922.390402,move
65,1897,1629.453326,912.446173,move
65,1898,1628.398659,902.501945,move
65,1899,1627.343992,892.557717,move
65,1900,1626.289324,882.613489,move
65,1901,1625.234657,872.669260,move
65,1902,1624.179989,862.725032,move
65,1903,1623.125322,852.780804,move
65,1904,1622.070655,842.836575,move
65,1905,1621.015987,832.892347,move
65,1906,1619.961320,822.948119,move
65,1907,1618.906653,813.003890,move
65,1908,1617.851985,803.059662,move
65,1909,1616.797318,793.115434,move
65,1910,1615.742651,783.171205,move
65,1911,1614.687983,773.226977,move
65,1912,1613.633316,763.282749,move
65,1913,1612.578648,753.338520,move
66,1914,1757.000000,887.000000,wait
66,1915,1757.000000,887.000000,wait
66,1916,1757.000000,887.000000,wait
66,1917,1758.667190,896.860045,move
66,1918,1760.334380,906.720089,move
66,1919,1762.001570,916.580134,move
66,1920,1763.668760,926.440178,move
66,1921,1765.335950,936.300223,move
66,1922,1767.003140,946.160267,move
66,1923,1768.670330,956.020312,move
66,1924,1770.337520,965.880356,move
66,1925,1772.004710,975.740401,move
66,1926,1773.671899,985.600445,move
66,1927,1775.339089,992.000000,move
66,1928,1777.006279,982.139955,move
66,1929,1778.673469,972.279911,move
66,1930,1780.340659,962.419866,move
66,1931,1782.007849,952.559822,move
66,1932,1783.675039,942.699777,move
66,1933,1785.342229,932.839733,move
66,1934,1787.009419,922.979688,move
66,1935,1788.676609,913.119644,move
66,1936,1790.343799,903.259599,move
66,1937,1792.010989,893.399555,move
66,1938,1793.678179,883.539510,move
66,1939,1795.345369,873.679466,move
66,1940,1797.012559,863.819421,move
66,1941,1798.679749,853.959377,move
66,1942,1800.346939,844.099332,move
67,1943,225.000000,673.000000,wait
67,1944,225.000000,673.000000,wait
67,1945,225.000000,673.000000,wait
67,1946,220.880707,663.887842,move
67,1947,216.761413,654.775684,move
67,1948,212.642120,645.663526,move
67,1949,208.522826,636.551368,move
67,1950,204.403533,627.439210,move
67,1951,200.284240,618.327052,move
67,1952,196.164946,609.214895,move
67,1953,192.045653,600.102737,move
67,1954,187.926359,590.990579,move
67,1955,183.807066,581.878421,move
67,1956,179.687773,572.766263,move
67,1957,175.568479,563.654105,move
67,1958,171.449186,554.541947,move
67,1959,167.329893,545.429789,move
67,1960,163.210599,536.317631,move
67,1961,159.091306,527.205473,move
67,1962,154.972012,518.093315,move
67,1963,150.852719,508.981157,move
67,1964,146.733426,499.869000,move
67,1965,142.614132,490.756842,move
67,1966,138.494839,481.644684,move
67,1967,134.375545,472.532526,move
67,1968,130.256252,463.420368,move
67,1969,126.136959,454.308210,move
67,1970,122.017665,445.196052,move
67,1971,117.898372,436.083894,move
68,1972,1737.000000,259.000000,wait
68,1973,1737.000000,259.000000,wait
68,1974,1737.000000,259.000000,wait
68,1975,1738.174281,268.930814,move
68,1976,1739.348563,278.861628,move
68,1977,1740.522844,288.792441,move
68,1978,1741.697125,298.723255,move
68,1979,1742.871407,308.654069,move
68,1980,1744.045688,318.584883,move
68,1981,1745.219970,328.515697,move
68,1982,1746.394251,338.446511,move
68,1983,1747.568532,348.377324,move
68,1984,1748.742814,358.308138,move
68,1985,1749.917095,368.238952,move
68,1986,1751.091376,378.169766,move
68,1987,1752.265658,388.100580,move
68,1988,1753.439939,398.031394,move
68,1989,1754.614220,407.962207,move
68,1990,1755.788502,417.893021,move
68,1991,1756.962783,427.823835,move
68,1992,1758.137065,437.754649,move
68,1993,1759.311346,447.685463,move
68,1994,1760.485627,457.616277,move
68,1995,1761.659909,467.547090,move
68,1996,1762.834190,477.477904,move
68,1997,1764.008471,487.408718,move
68,1998,1765.182753,497.339532,move
68,1999,1766.357034,507.270346,move
68,2000,1767.531316,517.201160,move
69,2001,203.000000,901.000000,wait
69,2002,203.000000,901.000000,wait
69,2003,203.000000,901.000000,wait
69,2004,212.213945,897.113713,move
69,2005,221.427889,893.227427,move
69,2006,230.641834,889.341140,move
69,2007,239.855779,885.454854,move
69,2008,249.069723,881.568567,move
69,2009,258.283668,877.682281,move
69,2010,267.497613,873.795994,move
69,2011,276.711558,869.909708,move
69,2012,285.925502,866.023421,move
69,2013,295.139447,862.137134,move
69,2014,304.353392,858.250848,move
69,2015,313.567336,854.364561,move
69,2016,322.781281,850.478275,move
69,2017,331.995226,846.591988,move
69,2018,341.209170,842.705702,move
69,2019,350.423115,838.819415,move
69,2020,359.637060,834.933129,move
69,2021,368.851005,831.046842,move
69,2022,378.064949,827.160556,move
69,2023,387.278894,823.274269,move
69,2024,396.492839,819.387982,move
69,2025,405.706783,815.501696,move
69,2026,414.920728,811.615409,move
69,2027,424.134673,807.729123,move
69,2028,433.348617,803.842836,move
69,2029,442.562562,799.956550,move
70,2030,127.000000,49.000000,wait
70,2031,127.000000,49.000000,wait
70,2032,127.000000,49.000000,wait
70,2033,117.085747,47.693254,move
70,2034,107.171494,46.386508,move
70,2035,97.257241,45.079762,move
70,2036,87.342987,43.773016,move
70,2037,77.428734,42.466270,move
70,2038,67.514481,41.159525,move
70,2039,57.600228,39.852779,move
70,2040,47.685975,38.546033,move
70,2041,37.771722,37.239287,move
70,2042,27.857469,35.932541,move
70,2043,17.943216,34.625795,move
70,2044,8.028962,33.319049,move
70,2045,8.000000,32.012303,move
70,2046,17.914253,30.705557,move
70,2047,27.828506,29.398811,move
70,2048,37.742759,28.092065,move
70,2049,47.657013,26.785319,move
70,2050,57.571266,25.478574,move
70,2051,67.485519,24.171828,move
70,2052,77.399772,22.865082,move
70,2053,87.314025,21.558336,move
70,2054,97.228278,20.251590,move
70,2055,107.142531,18.944844,move
70,2056,117.056784,17.638098,move
70,2057,126.971038,16.331352,move
70,2058,136.885291,15.024606,move
71,2059,117.000000,925.000000,wait
71,2060,117.000000,925.000000,wait
71,2061,117.000000,925.000000,wait
71,2062,125.168885,919.232043,move
71,2063,133.337769,913.464087,move
71,2064,141.506654,907.696130,move
71,2065,149.675538,901.928173,move
71,2066,157.844423,896.160216,move
71,2067,166.013307,890.392260,move
71,2068,174.182192,884.624303,move
71,2069,182.351077,878.856346,move
71,2070,190.519961,873.088389,move
71,2071,198.688846,867.320433,move
71,2072,206.857730,861.552476,move
71,2073,215.026615,855.784519,move
71,2074,223.195500,850.016563,move
71,2075,231.364384,844.248606,move
71,2076,239.533269,838.480649,move
71,2077,247.702153,832.712692,move
71,2078,255.871038,826.944736,move
71,2079,264.039922,821.176779,move
71,2080,272.208807,815.408822,move
71,2081,280.377692,809.640866,move
71,2082,288.546576,803.872909,move
71,2083,296.715461,798.104952,move
71,2084,304.884345,792.336995,move
71,2085,313.053230,786.569039,move
71,2086,321.222114,780.801082,move
71,2087,329.390999,775.033125,move
72,2088,1841.000000,40.000000,wait
72,2089,1841.000000,40.000000,wait
72,2090,1841.000000,40.000000,wait
72,2091,1835.461998,48.326496,move
72,2092,1829.923996,56.652992,move
72,2093,1824.385994,64.979488,move
72,2094,1818.847993,73.305984,move
72,2095,1813.309991,81.632480,move
72,2096,1807.771989,89.958976,move
72,2097,1802.233987,98.285472,move
72,2098,1796.695985,106.611968,move
72,2099,1791.157983,114.938464,move
72,2100,1785.619981,123.264960,move
72,2101,1780.081980,131.591456,move
72,2102,1774.543978,139.917952,move
72,2103,1769.005976,148.244448,move
72,2104,1763.467974,156.570944,move
72,2105,1757.929972,164.897440,move
72,2106,1752.391970,173.223936,move
72,2107,1746.853968,181.550432,move
72,2108,1741.315967,189.876928,move
72,2109,1735.777965,198.203424,move
72,2110,1730.239963,206.529920,move
72,2111,1724.701961,214.856416,move
72,2112,1719.163959,223.182912,move
72,2113,1713.625957,231.509408,move
72,2114,1708.087955,239.835904,move
72,2115,1702.549954,248.162400,move
72,2116,1697.011952,256.488896,move
73,2117,1774.000000,972.000000,wait
73,2118,1774.000000,972.000000,wait
73,2119,1774.000000,972.000000,wait
73,2120,1764.093115,970.638517,move
73,2121,1754.186231,969.277034,move
73,2122,1744.279346,967.915551,move
73,2123,1734.372461,966.554068,move
73,2124,1724.465577,965.192585,move
73,2125,1714.558692,963.831101,move
73,2126,1704.651807,962.469618,move
73,2127,1694.744923,961.108135,move
73,2128,1684.838038,959.746652,move
73,2129,1674.931153,958.385169,move
73,2130,1665.024269,957.023686,move
73,2131,1655.117384,955.662203,move
73,2132,1645.210499,954.300720,move
73,2133,1635.303615,952.939237,move
73,2134,1625.396730,951.577754,move
73,2135,1615.489845,950.216270,move
73,2136,1605.582961,948.854787,move
73,2137,1595.676076,947.493304,move
73,2138,1585.769191,946.131821,move
73,2139,1575.862307,944.770338,move
73,2140,1565.955422,943.408855,move
73,2141,1556.048537,942.047372,move
73,2142,1546.141653,940.685889,move
73,2143,1536.234768,939.324406,move
73,2144,1526.327883,937.962923,move
73,2145,1516.420999,936.601440,move
74,2146,1798.000000,104.000000,wait
74,2147,1798.000000,104.000000,wait
74,2148,1798.000000,104.000000,wait
74,2149,1795.821410,113.759803,move
74,2150,1793.642820,123.519605,move
74,2151,1791.464230,133.279408,move
74,2152,1789.285640,143.039210,move
74,2153,1787.107051,152.799013,move
74,2154,1784.928461,162.558815,move
74,2155,1782.749871,172.318618,move
74,2156,1780.571281,182.078421,move
74,2157,1778.392691,191.838223,move
74,2158,1776.214101,201.598026,move
74,2159,1774.035511,211.357828,move
74,2160,1771.856921,221.117631,move
74,2161,1769.678331,230.877433,move
74,2162,1767.499741,240.637236,move
74,2163,1765.321152,250.397038,move
74,2164,1763.142562,260.156841,move
74,2165,1760.963972,269.916644,move
74,2166,1758.785382,279.676446,move
74,2167,1756.606792,289.436249,move
74,2168,1754.428202,299.196051,move
74,2169,1752.249612,308.955854,move
74,2170,1750.071022,318.715656,move
74,2171,1747.892432,328.475459,move
74,2172,1745.713843,338.235262,move
74,2173,1743.535253,347.995064,move
74,2174,1741.356663,357.754867,move
75,2175,1818.000000,94.000000,wait
75,2176,1818.000000,94.000000,wait
75,2177,1818.000000,94.000000,wait
75,2178,1827.354562,90.465573,move
75,2179,1836.709124,86.931146,move
75,2180,1846.063685,83.396719,move
75,2181,1855.418247,79.862292,move
75,2182,1862.000000,76.327865,move
75,2183,1852.645438,72.793439,move
75,2184,1843.290876,69.259012,move
75,2185,1833.936315,65.724585,move
75,2186,1824.581753,62.190158,move
75,2187,1815.227191,58.655731,move
75,2188,1805.872629,55.121304,move
75,2189,1796.518067,51.586877,move
75,2190,1787.163506,48.052450,move
75,2191,1777.808944,44.518023,move
75,2192,1768.454382,40.983596,move
75,2193,1759.099820,37.449169,move
75,2194,1749.745258,33.914742,move
75,2195,1740.390697,30.380316,move
75,2196,1731.036135,26.845889,move
75,2197,1721.681573,23.311462,move
75,2198,1712.327011,19.777035,move
75,2199,1702.972449,16.242608,move
75,2200,1693.617888,12.708181,move
75,2201,1684.263326,9.173754,move
75,2202,1674.908764,8.000000,move
75,2203,1665.554202,11.534427,move
76,2204,940.000000,62.000000,wait
76,2205,940.000000,62.000000,wait
76,2206,940.000000,62.000000,wait
76,2207,949.448502,65.275028,move
76,2208,958.897004,68.550057,move
76,2209,968.345506,71.825085,move
76,2210,977.794008,75.100113,move
76,2211,987.242510,78.375141,move
76,2212,996.691012,81.650170,move
76,2213,1006.139514,84.925198,move
76,2214,1015.588016,88.200226,move
76,2215,1025.036518,91.475254,move
76,2216,1034.485020,94.750283,move
76,2217,1043.933522,98.025311,move
76,2218,1053.382024,101.300339,move
76,2219,1062.830526,104.575367,move
76,2220,1072.279028,107.850396,move
76,2221,1081.727530,111.125424,move
76,2222,1091.176032,114.400452,move
76,2223,1100.624534,117.675480,move
76,2224,1110.073036,120.950509,move
76,2225,1119.521538,124.225537,move
76,2226,1128.970040,127.500565,move
76,2227,1138.418542,130.775593,move
76,2228,1147.867044,134.050622,move
76,2229,1157.315546,137.325650,move
76,2230,1166.764048,140.600678,move
76,2231,1176.212550,143.875706,move
76,2232,1185.661052,147.150735,move
77,2233,1757.000000,971.000000,wait
77,2234,1757.000000,971.000000,wait
77,2235,1757.000000,971.000000,wait
77,2236,1765.568053,965.843600,move
77,2237,1774.136106,960.687199,move
77,2238,1782.704160,955.530799,move
77,2239,1791.272213,950.374398,move
77,2240,1799.840266,945.217998,move
77,2241,1808.408319,940.061598,move
77,2242,1816.976372,934.905197,move
77,2243,1825.544425,929.748797,move
77,2244,1834.112479,924.592397,move
77,2245,1842.680532,919.435996,move
77,2246,1851.248585,914.279596,move
77,2247,1859.816638,909.123195,move
77,2248,1862.000000,903.966795,move
77,2249,1853.431947,898.810395,move
77,2250,1844.863894,893.653994,move
77,2251,1836.295840,888.497594,move
77,2252,1827.727787,883.341193,move
77,2253,1819.159734,878.184793,move
77,2254,1810.591681,873.028393,move
77,2255,1802.023628,867.871992,move
77,2256,1793.455575,862.715592,move
77,2257,1784.887521,857.559192,move
77,2258,1776.319468,852.402791,move
77,2259,1767.751415,847.246391,move
77,2260,1759.183362,842.089990,move
77,2261,1750.615309,836.933590,move
78,2262,1422.000000,651.000000,wait
78,2263,1422.000000,651.000000,wait
78,2264,1422.000000,651.000000,wait
78,2265,1415.372346,643.511729,move
78,2266,1408.744692,636.023458,move
78,2267,1402.117038,628.535187,move
78,2268,1395.489385,621.046916,move
78,2269,1388.861731,613.558644,move
78,2270,1382.234077,606.070373,move
78,2271,1375.606423,598.582102,move
78,2272,1368.978769,591.093831,move
78,2273,1362.351115,583.605560,move
78,2274,1355.723461,576.117289,move
78,2275,1349.095808,568.629018,move
78,2276,1342.468154,561.140747,move
78,2277,1335.840500,553.652475,move
78,2278,1329.212846,546.164204,move
78,2279,1322.585192,538.675933,move
78,2280,1315.957538,531.187662,move
78,2281,1309.329885,523.699391,move
78,2282,1302.702231,516.211120,move
78,2283,1296.074577,508.722849,move
78,2284,1289.446923,501.234578,move
78,2285,1282.819269,493.746306,move
78,2286,1276.191615,486.258035,move
78,2287,1269.563961,478.769764,move
78,2288,1262.936308,471.281493,move
78,2289,1256.308654,463.793222,move
78,2290,1249.681000,456.304951,move
79,2291,1303.000000,803.000000,wait
79,2292,1303.000000,803.000000,wait
79,2293,1303.000000,803.000000,wait
79,2294,1294.054404,807.469487,move
79,2295,1285.108809,811.938975,move
79,2296,1276.163213,816.408462,move
79,2297,1267.217617,820.877950,move
79,2298,1258.272022,825.347437,move
79,2299,1249.326426,829.816925,move
79,2300,1240.380830,834.286412,move
79,2301,1231.435235,838.755900,move
79,2302,1222.489639,843.225387,move
79,2303,1213.544044,847.694875,move
79,2304,1204.598448,852.164362,move
79,2305,1195.652852,856.633850,move
79,2306,1186.707257,861.103337,move
79,2307,1177.761661,865.572825,move
79,2308,1168.816065,870.042312,move
79,2309,1159.870470,874.511800,move
79,2310,1150.924874,878.981287,move
79,2311,1141.979278,883.450775,move
79,2312,1133.033683,887.920262,move
79,2313,1124.088087,892.389750,move
79,2314,1115.142491,896.859237,move
79,2315,1106.196896,901.328725,move
79,2316,1097.251300,905.798212,move
79,2317,1088.305704,910.267700,move
79,2318,1079.360109,914.737187,move
79,2319,1070.414513,919.206675,move
80,2320,171.000000,107.000000,wait
80,2321,171.000000,107.000000,wait
80,2322,171.000000,107.000000,wait
80,2323,167.175016,97.760438,move
80,2324,163.350032,88.520877,move
80,2325,159.525048,79.281315,move
80,2326,155.700064,70.041754,move
80,2327,151.875080,60.802192,move
80,2328,148.050096,51.562631,move
80,2329,144.225112,42.323069,move
80,2330,140.400128,33.083508,move
80,2331,136.575144,23.843946,move
80,2332,132.750160,14.604384,move
80,2333,128.925176,8.000000,move
80,2334,125.100192,17.239562,move
80,2335,121.275208,26.479123,move
80,2336,117.450225,35.718685,move
80,2337,113.625241,44.958246,move
80,2338,109.800257,54.197808,move
80,2339,105.975273,63.437369,move
80,2340,102.150289,72.676931,move
80,2341,98.325305,81.916492,move
80,2342,94.500321,91.156054,move
80,2343,90.675337,100.395616,move
80,2344,86.850353,109.635177,move
80,2345,83.025369,118.874739,move
80,2346,79.200385,128.114300,move
80,2347,75.375401,137.353862,move
80,2348,71.550417,146.593423,move
81,2349,1832.000000,985.000000,wait
81,2350,1832.000000,985.000000,wait
81,2351,1832.000000,985.000000,wait
81,2352,1822.931247,989.213991,move
81,2353,1813.862494,992.000000,move
81,2354,1804.793742,987.786009,move
81,2355,1795.724989,983.572017,move
81,2356,1786.656236,979.358026,move
81,2357,1777.587483,975.144035,move
81,2358,1768.518730,970.930043,move
81,2359,1759.449978,966.716052,move
81,2360,1750.381225,962.502061,move
81,2361,1741.312472,958.288069,move
81,2362,1732.243719,954.074078,move
81,2363,1723.174967,949.860087,move
81,2364,1714.106214,945.646095,move
81,2365,1705.037461,941.432104,move
81,2366,1695.968708,937.218113,move
81,2367,1686.899955,933.004121,move
81,2368,1677.831203,928.790130,move
81,2369,1668.762450,924.576139,move
81,2370,1659.693697,920.362148,move
81,2371,1650.624944,916.148156,move
81,2372,1641.556191,911.934165,move
81,2373,1632.487439,907.720174,move
81,2374,1623.418686,903.506182,move
81,2375,1614.349933,899.292191,move
81,2376,1605.281180,895.078200,move
81,2377,1596.212428,890.864208,move
82,2378,1772.000000,961.000000,wait
82,2379,1772.000000,961.000000,wait
82,2380,1772.000000,961.000000,wait
82,2381,1778.763816,953.634486,move
82,2382,1785.527632,946.268972,move
82,2383,1792.291448,938.903458,move
82,2384,1799.055264,931.537945,move
82,2385,1805.819079,924.172431,move
82,2386,1812.582895,916.806917,move
82,2387,1819.346711,909.441403,move
82,2388,1826.110527,902.075889,move
82,2389,1832.874343,894.710375,move
82,2390,1839.638159,887.344861,move
82,2391,1846.401975,879.979347,move
82,2392,1853.165791,872.613834,move
82,2393,1859.929607,865.248320,move
82,2394,1862.000000,857.882806,move
82,2395,1855.236184,850.517292,move
82,2396,1848.472368,843.151778,move
82,2397,1841.708552,835.786264,move
82,2398,1834.944736,828.420750,move
82,2399,1828.180921,821.055236,move
82,2400,1821.417105,813.689723,move
82,2401,1814.653289,806.324209,move
82,2402,1807.889473,798.958695,move
82,2403,1801.125657,791.593181,move
82,2404,1794.361841,784.227667,move
82,2405,1787.598025,776.862153,move
82,2406,1780.834209,769.496639,move
83,2407,202.000000,960.000000,wait
83,2408,202.000000,960.000000,wait
83,2409,202.000000,960.000000,wait
83,2410,211.919616,961.265389,move
83,2411,221.839233,962.530777,move
83,2412,231.758849,963.796166,move
83,2413,241.678466,965.061555,move
83,2414,251.598082,966.326944,move
83,2415,261.517699,967.592332,move
83,2416,271.437315,968.857721,move
83,2417,281.356932,970.123110,move
83,2418,291.276548,971.388498,move
83,2419,301.196165,972.653887,move
83,2420,311.115781,973.919276,move
83,2421,321.035398,975.184664,move
83,2422,330.955014,976.450053,move
83,2423,340.874631,977.715442,move
83,2424,350.794247,978.980831,move
83,2425,360.713864,980.246219,move
83,2426,370.633480,981.511608,move
83,2427,380.553097,982.776997,move
83,2428,390.472713,984.042385,move
83,2429,400.392330,985.307774,move
83,2430,410.311946,986.573163,move
83,2431,420.231563,987.838551,move
83,2432,430.151179,989.103940,move
83,2433,440.070796,990.369329,move
83,2434,449.990412,991.634718,move
83,2435,459.910029,992.000000,move
84,2436,1839.000000,138.000000,wait
84,2437,1839.000000,138.000000,wait
84,2438,1839.000000,138.000000,wait
84,2439,1834.341704,129.151255,move
84,2440,1829.683409,120.302511,move
84,2441,1825.025113,111.453766,move
84,2442,1820.366818,102.605021,move
84,2443,1815.708522,93.756277,move
84,2444,1811.050227,84.907532,move
84,2445,1806.391931,76.058787,move
84,2446,1801.733636,67.210042,move
84,2447,1797.075340,58.361298,move
84,2448,1792.417045,49.512553,move
84,2449,1787.758749,40.663808,move
84,2450,1783.100453,31.815064,move
84,2451,1778.442158,22.966319,move
84,2452,1773.783862,14.117574,move
84,2453,1769.125567,8.000000,move
84,2454,1764.467271,16.848745,move
84,2455,1759.808976,25.697489,move
84,2456,1755.150680,34.546234,move
84,2457,1750.492385,43.394979,move
84,2458,1745.834089,52.243723,move
84,2459,1741.175793,61.092468,move
84,2460,1736.517498,69.941213,move
84,2461,1731.859202,78.789958,move
84,2462,1727.200907,87.638702,move
84,2463,1722.542611,96.487447,move
84,2464,1717.884316,105.336192,move
85,2465,1385.000000,484.000000,wait
85,2466,1385.000000,484.000000,wait
85,2467,1385.000000,484.000000,wait
85,2468,1379.716536,475.509711,move
85,2469,1374.433071,467.019422,move
85,2470,1369.149607,458.529134,move
85,2471,1363.866142,450.038845,move
85,2472,1358.582678,441.548556,move
85,2473,1353.299213,433.058267,move
85,2474,1348.015749,424.567979,move
85,2475,1342.732284,416.077690,move
85,2476,1337.448820,407.587401,move
85,2477,1332.165355,399.097112,move
85,2478,1326.881891,390.606824,move
85,2479,1321.598426,382.116535,move
85,2480,1316.314962,373.626246,move
85,2481,1311.031497,365.135957,move
85,2482,1305.748033,356.645669,move
85,2483,1300.464568,348.155380,move
85,2484,1295.181104,339.665091,move
85,2485,1289.897639,331.174802,move
85,2486,1284.614175,322.684514,move
85,2487,1279.330710,314.194225,move
85,2488,1274.047246,305.703936,move
85,2489,1268.763781,297.213647,move
85,2490,1263.480317,288.723359,move
85,2491,1258.196852,280.233070,move
85,2492,1252.913388,271.742781,move
85,2493,1247.629923,263.252492,move
86,2494,1750.000000,933.000000,wait
86,2495,1750.000000,933.000000,wait
86,2496,1750.000000,933.000000,wait
86,2497,1757.608152,926.510314,move
86,2498,1765.216304,920.020629,move
86,2499,1772.824456,913.530943,move
86,2500,1780.432609,907.041257,move
86,2501,1788.040761,900.551571,move
86,2502,1795.648913,894.061886,move
86,2503,1803.257065,887.572200,move
86,2504,1810.865217,881.082514,move
86,2505,1818.473369,874.592828,move
86,2506,1826.081521,868.103143,move
86,2507,1833.689674,861.613457,move
86,2508,1841.297826,855.123771,move
86,2509,1848.905978,848.634085,move
86,2510,1856.514130,842.144400,move
86,2511,1862.000000,835.654714,move
86,2512,1854.391848,829.165028,move
86,2513,1846.783696,822.675342,move
86,2514,1839.175544,816.185657,move
86,2515,1831.567391,809.695971,move
86,2516,1823.959239,803.206285,move
86,2517,1816.351087,796.716599,move
86,2518,1808.742935,790.226914,move
86,2519,1801.134783,783.737228,move
86,2520,1793.526631,777.247542,move
86,2521,1785.918479,770.757856,move
86,2522,1778.310326,764.268171,move
87,2523,258.000000,981.000000,wait
87,2524,258.000000,981.000000,wait
87,2525,258.000000,981.000000,wait
87,2526,264.593336,988.518505,move
87,2527,271.186672,992.000000,move
87,2528,277.780008,984.481495,move
87,2529,284.373343,976.962989,move
87,2530,290.966679,969.444484,move
87,2531,297.560015,961.925979,move
87,2532,304.153351,954.407473,move
87,2533,310.746687,946.888968,move
87,2534,317.340023,939.370463,move
87,2535,323.933359,931.851958,move
87,2536,330.526695,924.333452,move
87,2537,337.120030,916.814947,move
87,2538,343.713366,909.296442,move
87,2539,350.306702,901.777936,move
87,2540,356.900038,894.259431,move
87,2541,363.493374,886.740926,move
87,2542,370.086710,879.222420,move
87,2543,376.680046,871.703915,move
87,2544,383.273382,864.185410,move
87,2545,389.866717,856.666904,move
87,2546,396.460053,849.148399,move
87,2547,403.053389,841.629894,move
87,2548,409.646725,834.111388,move
87,2549,416.240061,826.592883,move
87,2550,422.833397,819.074378,move
87,2551,429.426733,811.555873,move
88,2552,1702.000000,143.000000,wait
88,2553,1702.000000,143.000000,wait
88,2554,1702.000000,143.000000,wait
88,2555,1695.667632,150.739581,move
88,2556,1689.335263,158.479162,move
88,2557,1683.002895,166.218743,move
88,2558,1676.670527,173.958323,move
88,2559,1670.338159,181.697904,move
88,2560,1664.005790,189.437485,move
88,2561,1657.673422,197.177066,move
88,2562,1651.341054,204.916647,move
88,2563,1645.008685,212.656228,move
88,2564,1638.676317,220.395809,move
88,2565,1632.343949,228.135389,move
88,2566,1626.011580,235.874970,move
88,2567,1619.679212,243.614551,move
88,2568,1613.346844,251.354132,move
88,2569,1607.014476,259.093713,move
88,2570,1600.682107,266.833294,move
88,2571,1594.349739,274.572874,move
88,2572,1588.017371,282.312455,move
88,2573,1581.685002,290.052036,move
88,2574,1575.352634,297.791617,move
88,2575,1569.020266,305.531198,move
88,2576,1562.687897,313.270779,move
88,2577,1556.355529,321.010360,move
88,2578,1550.023161,328.749940,move
88,2579,1543.690793,336.489521,move
88,2580,1537.358424,344.229102,move
89,2581,153.000000,102.000000,wait
89,2582,153.000000,102.000000,wait
89,2583,153.000000,102.000000,wait
89,2584,162.964620,101.159550,move
89,2585,172.929239,100.319101,move
89,2586,182.893859,99.478651,move
89,2587,192.858479,98.638201,move
89,2588,202.823098,97.797752,move
89,2589,212.787718,96.957302,move
89,2590,222.752337,96.116852,move
89,2591,232.716957,95.276403,move
89,2592,242.681577,94.435953,move
89,2593,252.646196,93.595504,move
89,2594,262.610816,92.755054,move
89,2595,272.575436,91.914604,move
89,2596,282.540055,91.074155,move
89,2597,292.504675,90.233705,move
89,2598,302.469294,89.393255,move
89,2599,312.433914,88.552806,move
89,2600,322.398534,87.712356,move
89,2601,332.363153,86.871906,move
89,2602,342.327773,86.031457,move
89,2603,352.292393,85.191007,move
89,2604,362.257012,84.350557,move
89,2605,372.221632,83.510108,move
89,2606,382.186252,82.669658,move
89,2607,392.150871,81.829209,move
89,2608,402.115491,80.988759,move
89,2609,412.080110,80.148309,move
90,2610,1413.000000,557.000000,wait
90,2611,1413.000000,557.000000,wait
90,2612,1413.000000,557.000000,wait
90,2613,1403.201257,555.003842,move
90,2614,1393.402515,553.007685,move
90,2615,1383.603772,551.011527,move
90,2616,1373.805030,549.015370,move
90,2617,1364.006287,547.019212,move
90,2618,1354.207545,545.023054,move
90,2619,1344.408802,543.026897,move
90,2620,1334.610060,541.030739,move
90,2621,1324.811317,539.034582,move
90,2622,1315.012575,537.038424,move
90,2623,1305.213832,535.042267,move
90,2624,1295.415090,533.046109,move
90,2625,1285.616347,531.049951,move
90,2626,1275.817605,529.053794,move
90,2627,1266.018862,527.057636,move
90,2628,1256.220120,525.061479,move
90,2629,1246.421377,523.065321,move
90,2630,1236.622635,521.069163,move
90,2631,1226.823892,519.073006,move
90,2632,1217.025150,517.076848,move
90,2633,1207.226407,515.080691,move
90,2634,1197.427665,513.084533,move
90,2635,1187.628922,511.088375,move
90,2636,1177.830180,509.092218,move
90,2637,1168.031437,507.096060,move
90,2638,1158.232695,505.099903,move
91,2639,1627.000000,938.000000,wait
91,2640,1627.000000,938.000000,wait
91,2641,1627.000000,938.000000,wait
91,2642,1627.055509,928.000154,move
91,2643,1627.111018,918.000308,move
91,2644,1627.166528,908.000462,move
91,2645,1627.222037,898.000616,move
91,2646,1627.277546,888.000770,move
91,2647,1627.333055,878.000924,move
91,2648,1627.388564,868.001078,move
91,2649,1627.444073,858.001233,move
91,2650,1627.499583,848.001387,move
91,2651,1627.555092,838.001541,move
91,2652,1627.610601,828.001695,move
91,2653,1627.666110,818.001849,move
91,2654,1627.721619,808.002003,move
91,2655,1627.777128,798.002157,move
91,2656,1627.832638,788.002311,move
91,2657,1627.888147,778.002465,move
91,2658,1627.943656,768.002619,move
91,2659,1627.999165,758.002773,move
91,2660,1628.054674,748.002927,move
91,2661,1628.110183,738.003081,move
91,2662,1628.165693,728.003235,move
91,2663,1628.221202,718.003389,move
91,2664,1628.276711,708.003543,move
91,2665,1628.332220,698.003698,move
91,2666,1628.387729,688.003852,move
91,2667,1628.443238,678.004006,move
92,2668,1749.000000,42.000000,wait
92,2669,1749.000000,42.000000,wait
92,2670,1749.000000,42.000000,wait
92,2671,1746.694158,32.269476,move
92,2672,1744.388317,22.538952,move
92,2673,1742.082475,12.808428,move
92,2674,1739.776634,8.000000,move
92,2675,1737.470792,17.730524,move
92,2676,1735.164951,27.461048,move
92,2677,1732.859109,37.191572,move
92,2678,1730.553268,46.922095,move
92,2679,1728.247426,56.652619,move
92,2680,1725.941584,66.383143,move
92,2681,1723.635743,76.113667,move
92,2682,1721.329901,85.844191,move
92,2683,1719.024060,95.574715,move
92,2684,1716.718218,105.305239,move
92,2685,1714.412377,115.035763,move
92,2686,1712.106535,124.766286,move
92,2687,1709.800694,134.496810,move
92,2688,1707.494852,144.227334,move
92,2689,1705.189011,153.957858,move
92,2690,1702.883169,163.688382,move
92,2691,1700.577327,173.418906,move
