segment_id,frame,x,y,phase
0,0,96.000000,868.000000,wait
0,1,96.000000,868.000000,wait
0,2,96.000000,868.000000,wait
0,3,96.000000,868.000000,wait
0,4,96.000000,868.000000,wait
0,5,96.000000,868.000000,wait
0,6,96.000000,868.000000,wait
0,7,96.000000,868.000000,wait
0,8,96.000000,868.000000,wait
0,9,96.000000,868.000000,wait
0,10,96.000000,868.000000,wait
0,11,96.000000,868.000000,wait
0,12,96.000000,868.000000,wait
0,13,96.000000,868.000000,wait
0,14,96.000000,868.000000,wait
0,15,87.501436,862.729857,move
0,16,79.002872,857.459714,move
0,17,70.504307,852.189571,move
0,18,62.005743,846.919428,move
0,19,53.507179,841.649286,move
0,20,45.008615,836.379143,move
0,21,36.510050,831.109000,move
0,22,28.011486,825.838857,move
0,23,19.512922,820.568714,move
0,24,11.014358,815.298571,move
0,25,8.000000,810.028428,move
0,26,16.498564,804.758285,move
0,27,24.997128,799.488143,move
0,28,33.495693,794.218000,move
0,29,41.994257,788.947857,move
0,30,50.492821,783.677714,move
0,31,58.991385,778.407571,move
0,32,67.489950,773.137428,move
0,33,75.988514,767.867285,move
0,34,84.487078,762.597142,move
0,35,92.985642,757.327000,move
0,36,101.484207,752.056857,move
0,37,109.982771,746.786714,move
0,38,118.481335,741.516571,move
0,39,126.979899,736.246428,move
0,40,135.478464,730.976285,move
0,41,143.977028,725.706142,move
0,42,152.475592,720.435999,move
0,43,160.974156,715.165857,move
0,44,169.472720,709.895714,move
0,45,177.971285,704.625571,move
0,46,186.469849,699.355428,move
0,47,194.968413,694.085285,move
0,48,203.466977,688.815142,move
0,49,211.965542,683.544999,move
0,50,220.464106,678.274856,move
0,51,228.962670,673.004714,move
0,52,237.461234,667.734571,move
0,53,245.959799,662.464428,move
0,54,254.458363,657.194285,move
0,55,262.956927,651.924142,move
0,56,271.455491,646.653999,move
0,57,279.954056,641.383856,move
0,58,288.452620,636.113713,move
0,59,296.951184,630.843571,move
0,60,305.449748,625.573428,move
0,61,313.948312,620.303285,move
0,62,322.446877,615.033142,move
0,63,330.945441,609.762999,move
0,64,339.444005,604.492856,move
0,65,347.942569,599.222713,move
0,66,356.441134,593.952570,move
0,67,364.939698,588.682428,move
0,68,373.438262,583.412285,move
0,69,381.936826,578.142142,move
0,70,390.435391,572.871999,move
0,71,398.933955,567.601856,move
0,72,407.432519,562.331713,move
0,73,415.931083,557.061570,move
0,74,424.429648,551.791427,move
0,75,432.928212,546.521285,move
0,76,441.426776,541.251142,move
0,77,449.925340,535.980999,move
0,78,458.423904,530.710856,move
0,79,466.922469,525.440713,move
0,80,475.421033,520.170570,move
0,81,483.919597,514.900427,move
0,82,492.418161,509.630284,move
0,83,500.916726,504.360142,move
0,84,509.415290,499.089999,move
0,85,517.913854,493.819856,move
0,86,526.412418,488.549713,move
0,87,534.910983,483.279570,move
0,88,543.409547,478.009427,move
0,89,551.908111,472.739284,move
0,90,560.406675,467.469141,move
0,91,568.905240,462.198999,move
0,92,577.403804,456.928856,move
0,93,585.902368,451.658713,move
0,94,594.400932,446.388570,move
0,95,602.899496,441.118427,move
0,96,611.398061,435.848284,move
0,97,619.896625,430.578141,move
0,98,628.395189,425.307998,move
0,99,636.893753,420.037856,move
0,100,645.392318,414.767713,move
0,101,653.890882,409.497570,move
0,102,662.389446,404.227427,move
0,103,670.888010,398.957284,move
0,104,679.386575,393.687141,move
0,105,687.885139,388.416998,move
0,106,696.383703,383.146855,move
0,107,704.882267,377.876713,move
0,108,713.380832,372.606570,move
0,109,721.879396,367.336427,move
0,110,730.377960,362.066284,move
0,111,738.876524,356.796141,move
0,112,747.375088,351.525998,move
0,113,755.873653,346.255855,move
0,114,764.372217,340.985712,move
0,115,772.870781,335.715570,move
0,116,781.369345,330.445427,move
0,117,789.867910,325.175284,move
0,118,798.366474,319.905141,move
0,119,806.865038,314.634998,move
0,120,815.363602,309.364855,move
0,121,823.862167,304.094712,move
0,122,832.360731,298.824569,move
0,123,840.859295,293.554427,move
0,124,849.357859,288.284284,move
0,125,857.856424,283.014141,move
0,126,866.354988,277.743998,move
0,127,874.853552,272.473855,move
0,128,883.352116,267.203712,move
0,129,891.850681,261.933569,move
0,130,900.349245,256.663426,move
0,131,908.847809,251.393284,move
0,132,917.346373,246.123141,move
0,133,925.844937,240.852998,move
0,134,934.343502,235.582855,move
0,135,942.842066,230.312712,move
0,136,951.340630,225.042569,move
0,137,959.839194,219.772426,move
0,138,968.337759,214.502283,move
0,139,976.836323,209.232140,move
0,140,985.334887,203.961998,move
0,141,993.833451,198.691855,move
0,142,1002.332016,193.421712,move
0,143,1010.830580,188.151569,move
0,144,1019.329144,182.881426,move
0,145,1027.827708,177.611283,move
0,146,1036.326273,172.341140,move
0,147,1044.824837,167.070997,move
0,148,1053.323401,161.800855,move
0,149,1061.821965,156.530712,move
1,150,8.000000,36.000000,wait
1,151,8.000000,36.000000,wait
1,152,8.000000,36.000000,wait
1,153,8.000000,36.000000,wait
1,154,8.000000,36.000000,wait
1,155,8.000000,36.000000,wait
1,156,8.000000,36.000000,wait
1,157,8.000000,36.000000,wait
1,158,8.000000,36.000000,wait
1,159,8.000000,36.000000,wait
1,160,8.000000,36.000000,wait
1,161,8.000000,36.000000,wait
1,162,8.000000,36.000000,wait
1,163,8.000000,36.000000,wait
1,164,8.000000,36.000000,wait
1,165,15.809139,29.753614,move
1,166,23.618279,23.507228,move
1,167,31.427418,17.260841,move
1,168,39.236558,11.014455,move
1,169,47.045697,8.000000,move
1,170,54.854837,14.246386,move
1,171,62.663976,20.492772,move
1,172,70.473116,26.739159,move
1,173,78.282255,32.985545,move
1,174,86.091394,39.231931,move
1,175,93.900534,45.478317,move
1,176,101.709673,51.724704,move
1,177,109.518813,57.971090,move
1,178,117.327952,64.217476,move
1,179,125.137092,70.463862,move
1,180,132.946231,76.710249,move
1,181,140.755371,82.956635,move
1,182,148.564510,89.203021,move
1,183,156.373649,95.449407,move
1,184,164.182789,101.695794,move
1,185,171.991928,107.942180,move
1,186,179.801068,114.188566,move
1,187,187.610207,120.434952,move
1,188,195.419347,126.681339,move
1,189,203.228486,132.927725,move
1,190,211.037626,139.174111,move
1,191,218.846765,145.420497,move
1,192,226.655904,151.666884,move
1,193,234.465044,157.913270,move
1,194,242.274183,164.159656,move
1,195,250.083323,170.406042,move
1,196,257.892462,176.652429,move
1,197,265.701602,182.898815,move
1,198,273.510741,189.145201,move
1,199,281.319881,195.391587,move
1,200,289.129020,201.637974,move
1,201,296.938159,207.884360,move
1,202,304.747299,214.130746,move
1,203,312.556438,220.377132,move
1,204,320.365578,226.623519,move
1,205,328.174717,232.869905,move
1,206,335.983857,239.116291,move
1,207,343.792996,245.362677,move
1,208,351.602136,251.609064,move
1,209,359.411275,257.855450,move
1,210,367.220414,264.101836,move
1,211,375.029554,270.348222,move
1,212,382.838693,276.594609,move
1,213,390.647833,282.840995,move
1,214,398.456972,289.087381,move
1,215,406.266112,295.333767,move
1,216,414.075251,301.580154,move
1,217,421.884391,307.826540,move
1,218,429.693530,314.072926,move
1,219,437.502669,320.319312,move
1,220,445.311809,326.565699,move
1,221,453.120948,332.812085,move
1,222,460.930088,339.058471,move
1,223,468.739227,345.304857,move
1,224,476.548367,351.551243,move
1,225,484.357506,357.797630,move
1,226,492.166646,364.044016,move
1,227,499.975785,370.290402,move
1,228,507.784924,376.536788,move
1,229,515.594064,382.783175,move
1,230,523.403203,389.029561,move
1,231,531.212343,395.275947,move
1,232,539.021482,401.522333,move
1,233,546.830622,407.768720,move
1,234,554.639761,414.015106,move
1,235,562.448901,420.261492,move
1,236,570.258040,426.507878,move
1,237,578.067179,432.754265,move
1,238,585.876319,439.000651,move
1,239,593.685458,445.247037,move
1,240,601.494598,451.493423,move
1,241,609.303737,457.739810,move
1,242,617.112877,463.986196,move
1,243,624.922016,470.232582,move
1,244,632.731156,476.478968,move
1,245,640.540295,482.725355,move
1,246,648.349435,488.971741,move
1,247,656.158574,495.218127,move
1,248,663.967713,501.464513,move
1,249,671.776853,507.710900,move
1,250,679.585992,513.957286,move
1,251,687.395132,520.203672,move
1,252,695.204271,526.450058,move
1,253,703.013411,532.696445,move
1,254,710.822550,538.942831,move
1,255,718.631690,545.189217,move
1,256,726.440829,551.435603,move
1,257,734.249968,557.681990,move
1,258,742.059108,563.928376,move
1,259,749.868247,570.174762,move
1,260,757.677387,576.421148,move
1,261,765.486526,582.667535,move
1,262,773.295666,588.913921,move
1,263,781.104805,595.160307,move
1,264,788.913945,601.406693,move
1,265,796.723084,607.653080,move
1,266,804.532223,613.899466,move
1,267,812.341363,620.145852,move
1,268,820.150502,626.392238,move
1,269,827.959642,632.638625,move
1,270,835.768781,638.885011,move
1,271,843.577921,645.131397,move
1,272,851.387060,651.377783,move
1,273,859.196200,657.624170,move
1,274,867.005339,663.870556,move
1,275,874.814478,670.116942,move
1,276,882.623618,676.363328,move
1,277,890.432757,682.609714,move
1,278,898.241897,688.856101,move
1,279,906.051036,695.102487,move
1,280,913.860176,701.348873,move
1,281,921.669315,707.595259,move
1,282,929.478455,713.841646,move
1,283,937.287594,720.088032,move
1,284,945.096733,726.334418,move
1,285,952.905873,732.580804,move
1,286,960.715012,738.827191,move
1,287,968.524152,745.073577,move
1,288,976.333291,751.319963,move
1,289,984.142431,757.566349,move
1,290,991.951570,763.812736,move
1,291,999.760710,770.059122,move
1,292,1007.569849,776.305508,move
1,293,1015.378988,782.551894,move
1,294,1023.188128,788.798281,move
1,295,1030.997267,795.044667,move
1,296,1038.806407,801.291053,move
1,297,1046.615546,807.537439,move
1,298,1054.424686,813.783826,move
1,299,1062.233825,820.030212,move
2,300,1392.000000,74.000000,wait
2,301,1392.000000,74.000000,wait
2,302,1392.000000,74.000000,wait
2,303,1392.000000,74.000000,wait
2,304,1392.000000,74.000000,wait
2,305,1392.000000,74.000000,wait
2,306,1392.000000,74.000000,wait
2,307,1392.000000,74.000000,wait
2,308,1392.000000,74.000000,wait
2,309,1392.000000,74.000000,wait
2,310,1392.000000,74.000000,wait
2,311,1392.000000,74.000000,wait
2,312,1392.000000,74.000000,wait
2,313,1392.000000,74.000000,wait
2,314,1392.000000,74.000000,wait
2,315,1397.161633,65.435098,move
2,316,1402.323266,56.870196,move
2,317,1407.484899,48.305294,move
2,318,1412.646532,39.740393,move
2,319,1417.808165,31.175491,move
2,320,1422.000000,22.610589,move
2,321,1416.838367,14.045687,move
2,322,1411.676734,8.000000,move
2,323,1406.515101,16.564902,move
2,324,1401.353468,25.129804,move
2,325,1396.191835,33.694706,move
2,326,1391.030202,42.259607,move
2,327,1385.868568,50.824509,move
2,328,1380.706935,59.389411,move
2,329,1375.545302,67.954313,move
2,330,1370.383669,76.519215,move
2,331,1365.222036,85.084117,move
2,332,1360.060403,93.649019,move
2,333,1354.898770,102.213920,move
2,334,1349.737137,110.778822,move
2,335,1344.575504,119.343724,move
2,336,1339.413871,127.908626,move
2,337,1334.252238,136.473528,move
2,338,1329.090605,145.038430,move
2,339,1323.928971,153.603332,move
2,340,1318.767338,162.168234,move
2,341,1313.605705,170.733135,move
2,342,1308.444072,179.298037,move
2,343,1303.282439,187.862939,move
2,344,1298.120806,196.427841,move
2,345,1292.959173,204.992743,move
2,346,1287.797540,213.557645,move
2,347,1282.635907,222.122547,move
2,348,1277.474274,230.687448,move
2,349,1272.312641,239.252350,move
2,350,1267.151008,247.817252,move
2,351,1261.989374,256.382154,move
2,352,1256.827741,264.947056,move
2,353,1251.666108,273.511958,move
2,354,1246.504475,282.076860,move
2,355,1241.342842,290.641761,move
2,356,1236.181209,299.206663,move
2,357,1231.019576,307.771565,move
2,358,1225.857943,316.336467,move
2,359,1220.696310,324.901369,move
2,360,1215.534677,333.466271,move
2,361,1210.373044,342.031173,move
2,362,1205.211411,350.596075,move
2,363,1200.049777,359.160976,move
2,364,1194.888144,367.725878,move
2,365,1189.726511,376.290780,move
2,366,1184.564878,384.855682,move
2,367,1179.403245,393.420584,move
2,368,1174.241612,401.985486,move
2,369,1169.079979,410.550388,move
2,370,1163.918346,419.115289,move
2,371,1158.756713,427.680191,move
2,372,1153.595080,436.245093,move
2,373,1148.433447,444.809995,move
2,374,1143.271814,453.374897,move
2,375,1138.110180,461.939799,move
2,376,1132.948547,470.504701,move
2,377,1127.786914,479.069602,move
2,378,1122.625281,487.634504,move
2,379,1117.463648,496.199406,move
2,380,1112.302015,504.764308,move
2,381,1107.140382,513.329210,move
2,382,1101.978749,521.894112,move
2,383,1096.817116,530.459014,move
2,384,1091.655483,539.023915,move
2,385,1086.493850,547.588817,move
2,386,1081.332217,556.153719,move
2,387,1076.170583,564.718621,move
2,388,1071.008950,573.283523,move
2,389,1065.847317,581.848425,move
2,390,1060.685684,590.413327,move
2,391,1055.524051,598.978229,move
2,392,1050.362418,607.543130,move
2,393,1045.200785,616.108032,move
2,394,1040.039152,624.672934,move
2,395,1034.877519,633.237836,move
2,396,1029.715886,641.802738,move
2,397,1024.554253,650.367640,move
2,398,1019.392620,658.932542,move
2,399,1014.230986,667.497443,move
2,400,1009.069353,676.062345,move
2,401,1003.907720,684.627247,move
2,402,998.746087,693.192149,move
2,403,993.584454,701.757051,move
2,404,988.422821,710.321953,move
2,405,983.261188,718.886855,move
2,406,978.099555,727.451756,move
2,407,972.937922,736.016658,move
2,408,967.776289,744.581560,move
2,409,962.614656,753.146462,move
2,410,957.453023,761.711364,move
2,411,952.291389,770.276266,move
2,412,947.129756,778.841168,move
2,413,941.968123,787.406069,move
2,414,936.806490,795.970971,move
2,415,931.644857,804.535873,move
2,416,926.483224,813.100775,move
2,417,921.321591,821.665677,move
2,418,916.159958,830.230579,move
2,419,910.998325,838.795481,move
2,420,905.836692,847.360383,move
2,421,900.675059,855.925284,move
2,422,895.513426,864.490186,move
2,423,890.351792,872.000000,move
2,424,885.190159,863.435098,move
2,425,880.028526,854.870196,move
2,426,874.866893,846.305294,move
2,427,869.705260,837.740393,move
2,428,864.543627,829.175491,move
2,429,859.381994,820.610589,move
2,430,854.220361,812.045687,move
2,431,849.058728,803.480785,move
2,432,843.897095,794.915883,move
2,433,838.735462,786.350981,move
2,434,833.573829,777.786080,move
2,435,828.412195,769.221178,move
2,436,823.250562,760.656276,move
2,437,818.088929,752.091374,move
2,438,812.927296,743.526472,move
2,439,807.765663,734.961570,move
2,440,802.604030,726.396668,move
2,441,797.442397,717.831766,move
2,442,792.280764,709.266865,move
2,443,787.119131,700.701963,move
2,444,781.957498,692.137061,move
2,445,776.795865,683.572159,move
2,446,771.634232,675.007257,move
2,447,766.472598,666.442355,move
2,448,761.310965,657.877453,move
2,449,756.149332,649.312552,move
3,450,78.000000,844.000000,wait
3,451,78.000000,844.000000,wait
3,452,78.000000,844.000000,wait
3,453,78.000000,844.000000,wait
3,454,78.000000,844.000000,wait
3,455,78.000000,844.000000,wait
3,456,78.000000,844.000000,wait
3,457,78.000000,844.000000,wait
3,458,78.000000,844.000000,wait
3,459,78.000000,844.000000,wait
3,460,78.000000,844.000000,wait
3,461,78.000000,844.000000,wait
3,462,78.000000,844.000000,wait
3,463,78.000000,844.000000,wait
3,464,78.000000,844.000000,wait
3,465,80.210455,853.752635,move
3,466,82.420911,863.505270,move
3,467,84.631366,872.000000,move
3,468,86.841822,862.247365,move
3,469,89.052277,852.494730,move
3,470,91.262733,842.742095,move
3,471,93.473188,832.989461,move
3,472,95.683643,823.236826,move
3,473,97.894099,813.484191,move
3,474,100.104554,803.731556,move
3,475,102.315010,793.978921,move
3,476,104.525465,784.226286,move
3,477,106.735920,774.473651,move
3,478,108.946376,764.721016,move
3,479,111.156831,754.968382,move
3,480,113.367287,745.215747,move
3,481,115.577742,735.463112,move
3,482,117.788198,725.710477,move
3,483,119.998653,715.957842,move
3,484,122.209108,706.205207,move
3,485,124.419564,696.452572,move
3,486,126.630019,686.699938,move
3,487,128.840475,676.947303,move
3,488,131.050930,667.194668,move
3,489,133.261386,657.442033,move
3,490,135.471841,647.689398,move
3,491,137.682296,637.936763,move
3,492,139.892752,628.184128,move
3,493,142.103207,618.431493,move
3,494,144.313663,608.678859,move
3,495,146.524118,598.926224,move
3,496,148.734573,589.173589,move
3,497,150.945029,579.420954,move
3,498,153.155484,569.668319,move
3,499,155.365940,559.915684,move
3,500,157.576395,550.163049,move
3,501,159.786851,540.410415,move
3,502,161.997306,530.657780,move
3,503,164.207761,520.905145,move
3,504,166.418217,511.152510,move
3,505,168.628672,501.399875,move
3,506,170.839128,491.647240,move
3,507,173.049583,481.894605,move
3,508,175.260039,472.141970,move
3,509,177.470494,462.389336,move
3,510,179.680949,452.636701,move
3,511,181.891405,442.884066,move
3,512,184.101860,433.131431,move
3,513,186.312316,423.378796,move
3,514,188.522771,413.626161,move
3,515,190.733226,403.873526,move
3,516,192.943682,394.120892,move
3,517,195.154137,384.368257,move
3,518,197.364593,374.615622,move
3,519,199.575048,364.862987,move
3,520,201.785504,355.110352,move
3,521,203.995959,345.357717,move
3,522,206.206414,335.605082,move
3,523,208.416870,325.852448,move
3,524,210.627325,316.099813,move
3,525,212.837781,306.347178,move
3,526,215.048236,296.594543,move
3,527,217.258692,286.841908,move
3,528,219.469147,277.089273,move
3,529,221.679602,267.336638,move
3,530,223.890058,257.584003,move
3,531,226.100513,247.831369,move
3,532,228.310969,238.078734,move
3,533,230.521424,228.326099,move
3,534,232.731880,218.573464,move
3,535,234.942335,208.820829,move
3,536,237.152790,199.068194,move
3,537,239.363246,189.315559,move
3,538,241.573701,179.562925,move
3,539,243.784157,169.810290,move
3,540,245.994612,160.057655,move
3,541,248.205067,150.305020,move
3,542,250.415523,140.552385,move
3,543,252.625978,130.799750,move
3,544,254.836434,121.047115,move
3,545,257.046889,111.294480,move
3,546,259.257345,101.541846,move
3,547,261.467800,91.789211,move
3,548,263.678255,82.036576,move
3,549,265.888711,72.283941,move
3,550,268.099166,62.531306,move
3,551,270.309622,52.778671,move
3,552,272.520077,43.026036,move
3,553,274.730533,33.273402,move
3,554,276.940988,23.520767,move
3,555,279.151443,13.768132,move
3,556,281.361899,8.000000,move
3,557,283.572354,17.752635,move
3,558,285.782810,27.505270,move
3,559,287.993265,37.257905,move
3,560,290.203720,47.010539,move
3,561,292.414176,56.763174,move
3,562,294.624631,66.515809,move
3,563,296.835087,76.268444,move
3,564,299.045542,86.021079,move
3,565,301.255998,95.773714,move
3,566,303.466453,105.526349,move
3,567,305.676908,115.278984,move
3,568,307.887364,125.031618,move
3,569,310.097819,134.784253,move
3,570,312.308275,144.536888,move
3,571,314.518730,154.289523,move
3,572,316.729186,164.042158,move
3,573,318.939641,173.794793,move
3,574,321.150096,183.547428,move
3,575,323.360552,193.300062,move
3,576,325.571007,203.052697,move
3,577,327.781463,212.805332,move
3,578,329.991918,222.557967,move
3,579,332.202373,232.310602,move
3,580,334.412829,242.063237,move
3,581,336.623284,251.815872,move
3,582,338.833740,261.568507,move
3,583,341.044195,271.321141,move
3,584,343.254651,281.073776,move
3,585,345.465106,290.826411,move
3,586,347.675561,300.579046,move
3,587,349.886017,310.331681,move
3,588,352.096472,320.084316,move
3,589,354.306928,329.836951,move
3,590,356.517383,339.589585,move
3,591,358.727839,349.342220,move
3,592,360.938294,359.094855,move
3,593,363.148749,368.847490,move
3,594,365.359205,378.600125,move
3,595,367.569660,388.352760,move
3,596,369.780116,398.105395,move
3,597,371.990571,407.858030,move
3,598,374.201026,417.610664,move
3,599,376.411482,427.363299,move
4,600,19.000000,828.000000,wait
4,601,19.000000,828.000000,wait
4,602,19.000000,828.000000,wait
4,603,19.000000,828.000000,wait
4,604,19.000000,828.000000,wait
4,605,19.000000,828.000000,wait
4,606,19.000000,828.000000,wait
4,607,19.000000,828.000000,wait
4,608,19.000000,828.000000,wait
4,609,19.000000,828.000000,wait
4,610,19.000000,828.000000,wait
4,611,19.000000,828.000000,wait
4,612,19.000000,828.000000,wait
4,613,19.000000,828.000000,wait
4,614,19.000000,828.000000,wait
4,615,9.125278,826.422069,move
4,616,8.000000,824.844138,move
4,617,17.874722,823.266207,move
4,618,27.749444,821.688276,move
4,619,37.624166,820.110345,move
4,620,47.498888,818.532413,move
4,621,57.373610,816.954482,move
4,622,67.248332,815.376551,move
4,623,77.123054,813.798620,move
4,624,86.997776,812.220689,move
4,625,96.872497,810.642758,move
4,626,106.747219,809.064827,move
4,627,116.621941,807.486896,move
4,628,126.496663,805.908965,move
4,629,136.371385,804.331034,move
4,630,146.246107,802.753102,move
4,631,156.120829,801.175171,move
4,632,165.995551,799.597240,move
4,633,175.870273,798.019309,move
4,634,185.744995,796.441378,move
4,635,195.619717,794.863447,move
4,636,205.494439,793.285516,move
4,637,215.369161,791.707585,move
4,638,225.243883,790.129654,move
4,639,235.118605,788.551723,move
4,640,244.993327,786.973791,move
4,641,254.868049,785.395860,move
4,642,264.742771,783.817929,move
4,643,274.617492,782.239998,move
4,644,284.492214,780.662067,move
4,645,294.366936,779.084136,move
4,646,304.241658,777.506205,move
4,647,314.116380,775.928274,move
4,648,323.991102,774.350343,move
4,649,333.865824,772.772412,move
4,650,343.740546,771.194481,move
4,651,353.615268,769.616549,move
4,652,363.489990,768.038618,move
4,653,373.364712,766.460687,move
4,654,383.239434,764.882756,move
4,655,393.114156,763.304825,move
4,656,402.988878,761.726894,move
4,657,412.863600,760.148963,move
4,658,422.738322,758.571032,move
4,659,432.613044,756.993101,move
4,660,442.487765,755.415170,move
4,661,452.362487,753.837238,move
4,662,462.237209,752.259307,move
4,663,472.111931,750.681376,move
4,664,481.986653,749.103445,move
4,665,491.861375,747.525514,move
4,666,501.736097,745.947583,move
4,667,511.610819,744.369652,move
4,668,521.485541,742.791721,move
4,669,531.360263,741.213790,move
4,670,541.234985,739.635859,move
4,671,551.109707,738.057927,move
4,672,560.984429,736.479996,move
4,673,570.859151,734.902065,move
4,674,580.733873,733.324134,move
4,675,590.608595,731.746203,move
4,676,600.483317,730.168272,move
4,677,610.358039,728.590341,move
4,678,620.232760,727.012410,move
4,679,630.107482,725.434479,move
4,680,639.982204,723.856548,move
4,681,649.856926,722.278616,move
4,682,659.731648,720.700685,move
4,683,669.606370,719.122754,move
4,684,679.481092,717.544823,move
4,685,689.355814,715.966892,move
4,686,699.230536,714.388961,move
4,687,709.105258,712.811030,move
4,688,718.979980,711.233099,move
4,689,728.854702,709.655168,move
4,690,738.729424,708.077237,move
4,691,748.604146,706.499306,move
4,692,758.478868,704.921374,move
4,693,768.353590,703.343443,move
4,694,778.228312,701.765512,move
4,695,788.103034,700.187581,move
4,696,797.977755,698.609650,move
4,697,807.852477,697.031719,move
4,698,817.727199,695.453788,move
4,699,827.601921,693.875857,move
4,700,837.476643,692.297926,move
4,701,847.351365,690.719995,move
4,702,857.226087,689.142063,move
4,703,867.100809,687.564132,move
4,704,876.975531,685.986201,move
4,705,886.850253,684.408270,move
4,706,896.724975,682.830339,move
4,707,906.599697,681.252408,move
4,708,916.474419,679.674477,move
4,709,926.349141,678.096546,move
4,710,936.223863,676.518615,move
4,711,946.098585,674.940684,move
4,712,955.973307,673.362752,move
4,713,965.848028,671.784821,move
4,714,975.722750,670.206890,move
4,715,985.597472,668.628959,move
4,716,995.472194,667.051028,move
4,717,1005.346916,665.473097,move
4,718,1015.221638,663.895166,move
4,719,1025.096360,662.317235,move
4,720,1034.971082,660.739304,move
4,721,1044.845804,659.161373,move
4,722,1054.720526,657.583442,move
4,723,1064.595248,656.005510,move
4,724,1074.469970,654.427579,move
4,725,1084.344692,652.849648,move
4,726,1094.219414,651.271717,move
4,727,1104.094136,649.693786,move
4,728,1113.968858,648.115855,move
4,729,1123.843580,646.537924,move
4,730,1133.718302,644.959993,move
4,731,1143.593023,643.382062,move
4,732,1153.467745,641.804131,move
4,733,1163.342467,640.226199,move
4,734,1173.217189,638.648268,move
4,735,1183.091911,637.070337,move
4,736,1192.966633,635.492406,move
4,737,1202.841355,633.914475,move
4,738,1212.716077,632.336544,move
4,739,1222.590799,630.758613,move
4,740,1232.465521,629.180682,move
4,741,1242.340243,627.602751,move
4,742,1252.214965,626.024820,move
4,743,1262.089687,624.446888,move
4,744,1271.964409,622.868957,move
4,745,1281.839131,621.291026,move
4,746,1291.713853,619.713095,move
4,747,1301.588575,618.135164,move
4,748,1311.463296,616.557233,move
4,749,1321.338018,614.979302,move
5,750,41.000000,72.000000,wait
5,751,41.000000,72.000000,wait
5,752,41.000000,72.000000,wait
5,753,41.000000,72.000000,wait
5,754,41.000000,72.000000,wait
5,755,41.000000,72.000000,wait
5,756,41.000000,72.000000,wait
5,757,41.000000,72.000000,wait
5,758,41.000000,72.000000,wait
5,759,41.000000,72.000000,wait
5,760,41.000000,72.000000,wait
5,761,41.000000,72.000000,wait
5,762,41.000000,72.000000,wait
5,763,41.000000,72.000000,wait
5,764,41.000000,72.000000,wait
5,765,47.271315,64.210866,move
5,766,53.542630,56.421732,move
5,767,59.813945,48.632598,move
5,768,66.085260,40.843464,move
5,769,72.356574,33.054330,move
5,770,78.627889,25.265196,move
5,771,84.899204,17.476062,move
5,772,91.170519,9.686927,move
5,773,97.441834,8.000000,move
5,774,103.713149,15.789134,move
5,775,109.984464,23.578268,move
5,776,116.255779,31.367402,move
5,777,122.527094,39.156536,move
5,778,128.798409,46.945670,move
5,779,135.069723,54.734804,move
5,780,141.341038,62.523938,move
5,781,147.612353,70.313073,move
5,782,153.883668,78.102207,move
5,783,160.154983,85.891341,move
5,784,166.426298,93.680475,move
5,785,172.697613,101.469609,move
5,786,178.968928,109.258743,move
5,787,185.240243,117.047877,move
5,788,191.511558,124.837011,move
5,789,197.782872,132.626145,move
5,790,204.054187,140.415279,move
5,791,210.325502,148.204413,move
5,792,216.596817,155.993547,move
5,793,222.868132,163.782681,move
5,794,229.139447,171.571815,move
5,795,235.410762,179.360949,move
5,796,241.682077,187.150083,move
5,797,247.953392,194.939218,move
5,798,254.224706,202.728352,move
5,799,260.496021,210.517486,move
5,800,266.767336,218.306620,move
5,801,273.038651,226.095754,move
5,802,279.309966,233.884888,move
5,803,285.581281,241.674022,move
5,804,291.852596,249.463156,move
5,805,298.123911,257.252290,move
5,806,304.395226,265.041424,move
5,807,310.666541,272.830558,move
5,808,316.937855,280.619692,move
5,809,323.209170,288.408826,move
5,810,329.480485,296.197960,move
5,811,335.751800,303.987094,move
5,812,342.023115,311.776229,move
5,813,348.294430,319.565363,move
5,814,354.565745,327.354497,move
5,815,360.837060,335.143631,move
5,816,367.108375,342.932765,move
5,817,373.379689,350.721899,move
5,818,379.651004,358.511033,move
5,819,385.922319,366.300167,move
5,820,392.193634,374.089301,move
5,821,398.464949,381.878435,move
5,822,404.736264,389.667569,move
5,823,411.007579,397.456703,move
5,824,417.278894,405.245837,move
5,825,423.550209,413.034971,move
5,826,429.821524,420.824105,move
5,827,436.092838,428.613239,move
5,828,442.364153,436.402374,move
5,829,448.635468,444.191508,move
5,830,454.906783,451.980642,move
5,831,461.178098,459.769776,move
5,832,467.449413,467.558910,move
5,833,473.720728,475.348044,move
5,834,479.992043,483.137178,move
5,835,486.263358,490.926312,move
5,836,492.534673,498.715446,move
5,837,498.805987,506.504580,move
5,838,505.077302,514.293714,move
5,839,511.348617,522.082848,move
5,840,517.619932,529.871982,move
5,841,523.891247,537.661116,move
5,842,530.162562,545.450250,move
5,843,536.433877,553.239385,move
5,844,542.705192,561.028519,move
5,845,548.976507,568.817653,move
5,846,555.247821,576.606787,move
5,847,561.519136,584.395921,move
5,848,567.790451,592.185055,move
5,849,574.061766,599.974189,move
5,850,580.333081,607.763323,move
5,851,586.604396,615.552457,move
5,852,592.875711,623.341591,move
5,853,599.147026,631.130725,move
5,854,605.418341,638.919859,move
5,855,611.689656,646.708993,move
5,856,617.960970,654.498127,move
5,857,624.232285,662.287261,move
5,858,630.503600,670.076395,move
5,859,636.774915,677.865530,move
5,860,643.046230,685.654664,move
5,861,649.317545,693.443798,move
5,862,655.588860,701.232932,move
5,863,661.860175,709.022066,move
5,864,668.131490,716.811200,move
5,865,674.402804,724.600334,move
5,866,680.674119,732.389468,move
5,867,686.945434,740.178602,move
5,868,693.216749,747.967736,move
5,869,699.488064,755.756870,move
5,870,705.759379,763.546004,move
5,871,712.030694,771.335138,move
5,872,718.302009,779.124272,move
5,873,724.573324,786.913406,move
5,874,730.844639,794.702541,move
5,875,737.115953,802.491675,move
5,876,743.387268,810.280809,move
5,877,749.658583,818.069943,move
5,878,755.929898,825.859077,move
5,879,762.201213,833.648211,move
5,880,768.472528,841.437345,move
5,881,774.743843,849.226479,move
5,882,781.015158,857.015613,move
5,883,787.286473,864.804747,move
5,884,793.557788,872.000000,move
5,885,799.829102,864.210866,move
5,886,806.100417,856.421732,move
5,887,812.371732,848.632598,move
5,888,818.643047,840.843464,move
5,889,824.914362,833.054330,move
5,890,831.185677,825.265196,move
5,891,837.456992,817.476062,move
5,892,843.728307,809.686927,move
5,893,849.999622,801.897793,move
5,894,856.270936,794.108659,move
5,895,862.542251,786.319525,move
5,896,868.813566,778.530391,move
5,897,875.084881,770.741257,move
5,898,881.356196,762.952123,move
5,899,887.627511,755.162989,move
6,900,74.000000,25.000000,wait
6,901,74.000000,25.000000,wait
6,902,74.000000,25.000000,wait
6,903,74.000000,25.000000,wait
6,904,74.000000,25.000000,wait
6,905,74.000000,25.000000,wait
6,906,74.000000,25.000000,wait
6,907,74.000000,25.000000,wait
6,908,74.000000,25.000000,wait
6,909,74.000000,25.000000,wait
6,910,74.000000,25.000000,wait
6,911,74.000000,25.000000,wait
6,912,74.000000,25.000000,wait
6,913,74.000000,25.000000,wait
6,914,74.000000,25.000000,wait
6,915,80.864256,17.727999,move
6,916,87.728511,10.455999,move
6,917,94.592767,8.000000,move
6,918,101.457023,15.272001,move
6,919,108.321279,22.544001,move
6,920,115.185534,29.816002,move
6,921,122.049790,37.088003,move
6,922,128.914046,44.360003,move
6,923,135.778301,51.632004,move
6,924,142.642557,58.904005,move
6,925,149.506813,66.176005,move
6,926,156.371068,73.448006,move
6,927,163.235324,80.720007,move
6,928,170.099580,87.992007,move
6,929,176.963836,95.264008,move
6,930,183.828091,102.536009,move
6,931,190.692347,109.808009,move
6,932,197.556603,117.080010,move
6,933,204.420858,124.352011,move
6,934,211.285114,131.624011,move
6,935,218.149370,138.896012,move
6,936,225.013625,146.168013,move
6,937,231.877881,153.440013,move
6,938,238.742137,160.712014,move
6,939,245.606393,167.984015,move
6,940,252.470648,175.256015,move
6,941,259.334904,182.528016,move
6,942,266.199160,189.800017,move
6,943,273.063415,197.072017,move
6,944,279.927671,204.344018,move
6,945,286.791927,211.616019,move
6,946,293.656182,218.888019,move
6,947,300.520438,226.160020,move
6,948,307.384694,233.432021,move
6,949,314.248950,240.704021,move
6,950,321.113205,247.976022,move
6,951,327.977461,255.248023,move
6,952,334.841717,262.520023,move
6,953,341.705972,269.792024,move
6,954,348.570228,277.064025,move
6,955,355.434484,284.336025,move
6,956,362.298740,291.608026,move
6,957,369.162995,298.880027,move
6,958,376.027251,306.152027,move
6,959,382.891507,313.424028,move
6,960,389.755762,320.696029,move
6,961,396.620018,327.968029,move
6,962,403.484274,335.240030,move
6,963,410.348529,342.512031,move
6,964,417.212785,349.784031,move
6,965,424.077041,357.056032,move
6,966,430.941297,364.328033,move
6,967,437.805552,371.600033,move
6,968,444.669808,378.872034,move
6,969,451.534064,386.144034,move
6,970,458.398319,393.416035,move
6,971,465.262575,400.688036,move
6,972,472.126831,407.960036,move
6,973,478.991086,415.232037,move
6,974,485.855342,422.504038,move
6,975,492.719598,429.776038,move
6,976,499.583854,437.048039,move
6,977,506.448109,444.320040,move
6,978,513.312365,451.592040,move
6,979,520.176621,458.864041,move
6,980,527.040876,466.136042,move
6,981,533.905132,473.408042,move
6,982,540.769388,480.680043,move
6,983,547.633643,487.952044,move
6,984,554.497899,495.224044,move
6,985,561.362155,502.496045,move
6,986,568.226411,509.768046,move
6,987,575.090666,517.040046,move
6,988,581.954922,524.312047,move
6,989,588.819178,531.584048,move
6,990,595.683433,538.856048,move
6,991,602.547689,546.128049,move
6,992,609.411945,553.400050,move
6,993,616.276201,560.672050,move
6,994,623.140456,567.944051,move
6,995,630.004712,575.216052,move
6,996,636.868968,582.488052,move
6,997,643.733223,589.760053,move
6,998,650.597479,597.032054,move
6,999,657.461735,604.304054,move
6,1000,664.325990,611.576055,move
6,1001,671.190246,618.848056,move
6,1002,678.054502,626.120056,move
6,1003,684.918758,633.392057,move
6,1004,691.783013,640.664058,move
6,1005,698.647269,647.936058,move
6,1006,705.511525,655.208059,move
6,1007,712.375780,662.480060,move
6,1008,719.240036,669.752060,move
6,1009,726.104292,677.024061,move
6,1010,732.968547,684.296062,move
6,1011,739.832803,691.568062,move
6,1012,746.697059,698.840063,move
6,1013,753.561315,706.112064,move
6,1014,760.425570,713.384064,move
6,1015,767.289826,720.656065,move
6,1016,774.154082,727.928066,move
6,1017,781.018337,735.200066,move
6,1018,787.882593,742.472067,move
6,1019,794.746849,749.744068,move
6,1020,801.611104,757.016068,move
6,1021,808.475360,764.288069,move
6,1022,815.339616,771.560070,move
6,1023,822.203872,778.832070,move
6,1024,829.068127,786.104071,move
6,1025,835.932383,793.376072,move
6,1026,842.796639,800.648072,move
6,1027,849.660894,807.920073,move
6,1028,856.525150,815.192074,move
6,1029,863.389406,822.464074,move
6,1030,870.253662,829.736075,move
6,1031,877.117917,837.008076,move
6,1032,883.982173,844.280076,move
6,1033,890.846429,851.552077,move
6,1034,897.710684,858.824078,move
6,1035,904.574940,866.096078,move
6,1036,911.439196,872.000000,move
6,1037,918.303451,864.727999,move
6,1038,925.167707,857.455999,move
6,1039,932.031963,850.183998,move
6,1040,938.896219,842.911997,move
6,1041,945.760474,835.639997,move
6,1042,952.624730,828.367996,move
6,1043,959.488986,821.095995,move
6,1044,966.353241,813.823995,move
6,1045,973.217497,806.551994,move
6,1046,980.081753,799.279993,move
6,1047,986.946008,792.007993,move
6,1048,993.810264,784.735992,move
6,1049,1000.674520,777.463991,move
7,1050,126.000000,795.000000,wait
7,1051,126.000000,795.000000,wait
7,1052,126.000000,795.000000,wait
7,1053,126.000000,795.000000,wait
7,1054,126.000000,795.000000,wait
7,1055,126.000000,795.000000,wait
7,1056,126.000000,795.000000,wait
7,1057,126.000000,795.000000,wait
7,1058,126.000000,795.000000,wait
7,1059,126.000000,795.000000,wait
7,1060,126.000000,795.000000,wait
7,1061,126.000000,795.000000,wait
7,1062,126.000000,795.000000,wait
7,1063,126.000000,795.000000,wait
7,1064,126.000000,795.000000,wait
7,1065,125.044966,785.045709,move
7,1066,124.089933,775.091418,move
7,1067,123.134899,765.137127,move
7,1068,122.179865,755.182836,move
7,1069,121.224831,745.228545,move
7,1070,120.269798,735.274254,move
7,1071,119.314764,725.319963,move
7,1072,118.359730,715.365671,move
7,1073,117.404696,705.411380,move
7,1074,116.449663,695.457089,move
7,1075,115.494629,685.502798,move
7,1076,114.539595,675.548507,move
7,1077,113.584562,665.594216,move
7,1078,112.629528,655.639925,move
7,1079,111.674494,645.685634,move
7,1080,110.719460,635.731343,move
7,1081,109.764427,625.777052,move
7,1082,108.809393,615.822761,move
7,1083,107.854359,605.868470,move
7,1084,106.899326,595.914179,move
7,1085,105.944292,585.959888,move
7,1086,104.989258,576.005597,move
7,1087,104.034224,566.051306,move
7,1088,103.079191,556.097014,move
7,1089,102.124157,546.142723,move
7,1090,101.169123,536.188432,move
7,1091,100.214089,526.234141,move
7,1092,99.259056,516.279850,move
7,1093,98.304022,506.325559,move
7,1094,97.348988,496.371268,move
7,1095,96.393955,486.416977,move
7,1096,95.438921,476.462686,move
7,1097,94.483887,466.508395,move
7,1098,93.528853,456.554104,move
7,1099,92.573820,446.599813,move
7,1100,91.618786,436.645522,move
7,1101,90.663752,426.691231,move
7,1102,89.708719,416.736940,move
7,1103,88.753685,406.782649,move
7,1104,87.798651,396.828357,move
7,1105,86.843617,386.874066,move
7,1106,85.888584,376.919775,move
7,1107,84.933550,366.965484,move
7,1108,83.978516,357.011193,move
7,1109,83.023482,347.056902,move
7,1110,82.068449,337.102611,move
7,1111,81.113415,327.148320,move
7,1112,80.158381,317.194029,move
7,1113,79.203348,307.239738,move
7,1114,78.248314,297.285447,move
7,1115,77.293280,287.331156,move
7,1116,76.338246,277.376865,move
7,1117,75.383213,267.422574,move
7,1118,74.428179,257.468283,move
7,1119,73.473145,247.513991,move
7,1120,72.518112,237.559700,move
7,1121,71.563078,227.605409,move
7,1122,70.608044,217.651118,move
7,1123,69.653010,207.696827,move
7,1124,68.697977,197.742536,move
7,1125,67.742943,187.788245,move
7,1126,66.787909,177.833954,move
7,1127,65.832875,167.879663,move
7,1128,64.877842,157.925372,move
7,1129,63.922808,147.971081,move
7,1130,62.967774,138.016790,move
7,1131,62.012741,128.062499,move
7,1132,61.057707,118.108208,move
7,1133,60.102673,108.153917,move
7,1134,59.147639,98.199626,move
7,1135,58.192606,88.245334,move
7,1136,57.237572,78.291043,move
7,1137,56.282538,68.336752,move
7,1138,55.327505,58.382461,move
7,1139,54.372471,48.428170,move
7,1140,53.417437,38.473879,move
7,1141,52.462403,28.519588,move
7,1142,51.507370,18.565297,move
7,1143,50.552336,8.611006,move
7,1144,49.597302,8.000000,move
7,1145,48.642268,17.954291,move
7,1146,47.687235,27.908582,move
7,1147,46.732201,37.862873,move
7,1148,45.777167,47.817164,move
7,1149,44.822134,57.771455,move
7,1150,43.867100,67.725746,move
7,1151,42.912066,77.680037,move
7,1152,41.957032,87.634329,move
7,1153,41.001999,97.588620,move
7,1154,40.046965,107.542911,move
7,1155,39.091931,117.497202,move
7,1156,38.136898,127.451493,move
7,1157,37.181864,137.405784,move
7,1158,36.226830,147.360075,move
7,1159,35.271796,157.314366,move
7,1160,34.316763,167.268657,move
7,1161,33.361729,177.222948,move
7,1162,32.406695,187.177239,move
7,1163,31.451661,197.131530,move
7,1164,30.496628,207.085821,move
7,1165,29.541594,217.040112,move
7,1166,28.586560,226.994403,move
7,1167,27.631527,236.948694,move
7,1168,26.676493,246.902986,move
7,1169,25.721459,256.857277,move
7,1170,24.766425,266.811568,move
7,1171,23.811392,276.765859,move
7,1172,22.856358,286.720150,move
7,1173,21.901324,296.674441,move
7,1174,20.946291,306.628732,move
7,1175,19.991257,316.583023,move
7,1176,19.036223,326.537314,move
7,1177,18.081189,336.491605,move
7,1178,17.126156,346.445896,move
7,1179,16.171122,356.400187,move
7,1180,15.216088,366.354478,move
7,1181,14.261054,376.308769,move
7,1182,13.306021,386.263060,move
7,1183,12.350987,396.217351,move
7,1184,11.395953,406.171643,move
7,1185,10.440920,416.125934,move
7,1186,9.485886,426.080225,move
7,1187,8.530852,436.034516,move
7,1188,8.000000,445.988807,move
7,1189,8.955034,455.943098,move
7,1190,9.910067,465.897389,move
7,1191,10.865101,475.851680,move
7,1192,11.820135,485.805971,move
7,1193,12.775169,495.760262,move
7,1194,13.730202,505.714553,move
7,1195,14.685236,515.668844,move
7,1196,15.640270,525.623135,move
7,1197,16.595304,535.577426,move
7,1198,17.550337,545.531717,move
7,1199,18.505371,555.486009,move
8,1200,101.000000,45.000000,wait
8,1201,101.000000,45.000000,wait
8,1202,101.000000,45.000000,wait
8,1203,101.000000,45.000000,wait
8,1204,101.000000,45.000000,wait
8,1205,101.000000,45.000000,wait
8,1206,101.000000,45.000000,wait
8,1207,101.000000,45.000000,wait
8,1208,101.000000,45.000000,wait
8,1209,101.000000,45.000000,wait
8,1210,101.000000,45.000000,wait
8,1211,101.000000,45.000000,wait
8,1212,101.000000,45.000000,wait
8,1213,101.000000,45.000000,wait
8,1214,101.000000,45.000000,wait
8,1215,105.323068,35.982734,move
8,1216,109.646135,26.965468,move
8,1217,113.969203,17.948202,move
8,1218,118.292271,8.930936,move
8,1219,122.615339,8.000000,move
8,1220,126.938406,17.017266,move
8,1221,131.261474,26.034532,move
8,1222,135.584542,35.051798,move
8,1223,139.907610,44.069064,move
8,1224,144.230677,53.086330,move
8,1225,148.553745,62.103596,move
8,1226,152.876813,71.120862,move
8,1227,157.199881,80.138128,move
8,1228,161.522948,89.155394,move
8,1229,165.846016,98.172660,move
8,1230,170.169084,107.189925,move
8,1231,174.492152,116.207191,move
8,1232,178.815219,125.224457,move
8,1233,183.138287,134.241723,move
8,1234,187.461355,143.258989,move
8,1235,191.784423,152.276255,move
8,1236,196.107490,161.293521,move
8,1237,200.430558,170.310787,move
8,1238,204.753626,179.328053,move
8,1239,209.076694,188.345319,move
8,1240,213.399761,197.362585,move
8,1241,217.722829,206.379851,move
8,1242,222.045897,215.397117,move
8,1243,226.368965,224.414383,move
8,1244,230.692032,233.431649,move
8,1245,235.015100,242.448915,move
8,1246,239.338168,251.466181,move
8,1247,243.661236,260.483447,move
8,1248,247.984303,269.500713,move
8,1249,252.307371,278.517979,move
8,1250,256.630439,287.535244,move
8,1251,260.953507,296.552510,move
8,1252,265.276574,305.569776,move
8,1253,269.599642,314.587042,move
8,1254,273.922710,323.604308,move
8,1255,278.245778,332.621574,move
8,1256,282.568845,341.638840,move
8,1257,286.891913,350.656106,move
8,1258,291.214981,359.673372,move
8,1259,295.538049,368.690638,move
8,1260,299.861116,377.707904,move
8,1261,304.184184,386.725170,move
8,1262,308.507252,395.742436,move
8,1263,312.830320,404.759702,move
8,1264,317.153387,413.776968,move
8,1265,321.476455,422.794234,move
8,1266,325.799523,431.811500,move
8,1267,330.122591,440.828766,move
8,1268,334.445658,449.846032,move
8,1269,338.768726,458.863298,move
8,1270,343.091794,467.880564,move
8,1271,347.414862,476.897829,move
8,1272,351.737929,485.915095,move
8,1273,356.060997,494.932361,move
8,1274,360.384065,503.949627,move
8,1275,364.707133,512.966893,move
8,1276,369.030200,521.984159,move
8,1277,373.353268,531.001425,move
8,1278,377.676336,540.018691,move
8,1279,381.999404,549.035957,move
8,1280,386.322471,558.053223,move
8,1281,390.645539,567.070489,move
8,1282,394.968607,576.087755,move
8,1283,399.291675,585.105021,move
8,1284,403.614742,594.122287,move
8,1285,407.937810,603.139553,move
8,1286,412.260878,612.156819,move
8,1287,416.583946,621.174085,move
8,1288,420.907013,630.191351,move
8,1289,425.230081,639.208617,move
8,1290,429.553149,648.225883,move
8,1291,433.876217,657.243149,move
8,1292,438.199284,666.260414,move
8,1293,442.522352,675.277680,move
8,1294,446.845420,684.294946,move
8,1295,451.168488,693.312212,move
8,1296,455.491555,702.329478,move
8,1297,459.814623,711.346744,move
8,1298,464.137691,720.364010,move
8,1299,468.460759,729.381276,move
8,1300,472.783826,738.398542,move
8,1301,477.106894,747.415808,move
8,1302,481.429962,756.433074,move
8,1303,485.753030,765.450340,move
8,1304,490.076097,774.467606,move
8,1305,494.399165,783.484872,move
8,1306,498.722233,792.502138,move
8,1307,503.045301,801.519404,move
8,1308,507.368368,810.536670,move
8,1309,511.691436,819.553936,move
8,1310,516.014504,828.571202,move
8,1311,520.337572,837.588468,move
8,1312,524.660639,846.605733,move
8,1313,528.983707,855.622999,move
8,1314,533.306775,864.640265,move
8,1315,537.629843,872.000000,move
8,1316,541.952910,862.982734,move
8,1317,546.275978,853.965468,move
8,1318,550.599046,844.948202,move
8,1319,554.922114,835.930936,move
8,1320,559.245181,826.913670,move
8,1321,563.568249,817.896404,move
8,1322,567.891317,808.879138,move
8,1323,572.214385,799.861872,move
8,1324,576.537452,790.844606,move
8,1325,580.860520,781.827340,move
8,1326,585.183588,772.810075,move
8,1327,589.506656,763.792809,move
8,1328,593.829723,754.775543,move
8,1329,598.152791,745.758277,move
8,1330,602.475859,736.741011,move
8,1331,606.798927,727.723745,move
8,1332,611.121994,718.706479,move
8,1333,615.445062,709.689213,move
8,1334,619.768130,700.671947,move
8,1335,624.091198,691.654681,move
8,1336,628.414265,682.637415,move
8,1337,632.737333,673.620149,move
8,1338,637.060401,664.602883,move
8,1339,641.383469,655.585617,move
8,1340,645.706536,646.568351,move
8,1341,650.029604,637.551085,move
8,1342,654.352672,628.533819,move
8,1343,658.675740,619.516553,move
8,1344,662.998807,610.499287,move
8,1345,667.321875,601.482021,move
8,1346,671.644943,592.464756,move
8,1347,675.968011,583.447490,move
8,1348,680.291078,574.430224,move
8,1349,684.614146,565.412958,move
9,1350,8.000000,80.000000,wait
9,1351,8.000000,80.000000,wait
9,1352,8.000000,80.000000,wait
9,1353,8.000000,80.000000,wait
9,1354,8.000000,80.000000,wait
9,1355,8.000000,80.000000,wait
9,1356,8.000000,80.000000,wait
9,1357,8.000000,80.000000,wait
9,1358,8.000000,80.000000,wait
9,1359,8.000000,80.000000,wait
9,1360,8.000000,80.000000,wait
9,1361,8.000000,80.000000,wait
9,1362,8.000000,80.000000,wait
9,1363,8.000000,80.000000,wait
9,1364,8.000000,80.000000,wait
9,1365,16.249318,74.347678,move
9,1366,24.498637,68.695356,move
9,1367,32.747955,63.043034,move
9,1368,40.997274,57.390712,move
9,1369,49.246592,51.738390,move
9,1370,57.495911,46.086068,move
9,1371,65.745229,40.433746,move
9,1372,73.994548,34.781424,move
9,1373,82.243866,29.129102,move
9,1374,90.493185,23.476780,move
9,1375,98.742503,17.824458,move
9,1376,106.991822,12.172136,move
9,1377,115.241140,8.000000,move
9,1378,123.490459,13.652322,move
9,1379,131.739777,19.304644,move
9,1380,139.989096,24.956966,move
9,1381,148.238414,30.609288,move
9,1382,156.487733,36.261610,move
9,1383,164.737051,41.913932,move
9,1384,172.986370,47.566254,move
9,1385,181.235688,53.218576,move
9,1386,189.485007,58.870898,move
9,1387,197.734325,64.523220,move
9,1388,205.983644,70.175542,move
9,1389,214.232962,75.827864,move
9,1390,222.482281,81.480186,move
9,1391,230.731599,87.132509,move
9,1392,238.980918,92.784831,move
9,1393,247.230236,98.437153,move
9,1394,255.479555,104.089475,move
9,1395,263.728873,109.741797,move
9,1396,271.978192,115.394119,move
9,1397,280.227510,121.046441,move
9,1398,288.476829,126.698763,move
9,1399,296.726147,132.351085,move
9,1400,304.975466,138.003407,move
9,1401,313.224784,143.655729,move
9,1402,321.474103,149.308051,move
9,1403,329.723421,154.960373,move
9,1404,337.972740,160.612695,move
9,1405,346.222058,166.265017,move
9,1406,354.471377,171.917339,move
9,1407,362.720695,177.569661,move
9,1408,370.970014,183.221983,move
9,1409,379.219332,188.874305,move
9,1410,387.468651,194.526627,move
9,1411,395.717969,200.178949,move
9,1412,403.967288,205.831271,move
9,1413,412.216606,211.483593,move
9,1414,420.465925,217.135915,move
9,1415,428.715243,222.788237,move
9,1416,436.964562,228.440559,move
9,1417,445.213880,234.092881,move
9,1418,453.463199,239.745203,move
9,1419,461.712517,245.397526,move
9,1420,469.961836,251.049848,move
9,1421,478.211154,256.702170,move
9,1422,486.460473,262.354492,move
9,1423,494.709791,268.006814,move
9,1424,502.959110,273.659136,move
9,1425,511.208428,279.311458,move
9,1426,519.457747,284.963780,move
9,1427,527.707065,290.616102,move
9,1428,535.956384,296.268424,move
9,1429,544.205702,301.920746,move
9,1430,552.455021,307.573068,move
9,1431,560.704339,313.225390,move
9,1432,568.953658,318.877712,move
9,1433,577.202976,324.530034,move
9,1434,585.452295,330.182356,move
9,1435,593.701613,335.834678,move
9,1436,601.950932,341.487000,move
9,1437,610.200250,347.139322,move
9,1438,618.449569,352.791644,move
9,1439,626.698887,358.443966,move
9,1440,634.948205,364.096288,move
9,1441,643.197524,369.748610,move
9,1442,651.446842,375.400932,move
9,1443,659.696161,381.053254,move
9,1444,667.945479,386.705576,move
9,1445,676.194798,392.357898,move
9,1446,684.444116,398.010220,move
9,1447,692.693435,403.662543,move
9,1448,700.942753,409.314865,move
9,1449,709.192072,414.967187,move
9,1450,717.441390,420.619509,move
9,1451,725.690709,426.271831,move
9,1452,733.940027,431.924153,move
9,1453,742.189346,437.576475,move
9,1454,750.438664,443.228797,move
9,1455,758.687983,448.881119,move
9,1456,766.937301,454.533441,move
9,1457,775.186620,460.185763,move
9,1458,783.435938,465.838085,move
9,1459,791.685257,471.490407,move
9,1460,799.934575,477.142729,move
9,1461,808.183894,482.795051,move
9,1462,816.433212,488.447373,move
9,1463,824.682531,494.099695,move
9,1464,832.931849,499.752017,move
9,1465,841.181168,505.404339,move
9,1466,849.430486,511.056661,move
9,1467,857.679805,516.708983,move
9,1468,865.929123,522.361305,move
9,1469,874.178442,528.013627,move
9,1470,882.427760,533.665949,move
9,1471,890.677079,539.318271,move
9,1472,898.926397,544.970593,move
9,1473,907.175716,550.622915,move
9,1474,915.425034,556.275237,move
9,1475,923.674353,561.927560,move
9,1476,931.923671,567.579882,move
9,1477,940.172990,573.232204,move
9,1478,948.422308,578.884526,move
9,1479,956.671627,584.536848,move
9,1480,964.920945,590.189170,move
9,1481,973.170264,595.841492,move
9,1482,981.419582,601.493814,move
9,1483,989.668901,607.146136,move
9,1484,997.918219,612.798458,move
9,1485,1006.167538,618.450780,move
9,1486,1014.416856,624.103102,move
9,1487,1022.666175,629.755424,move
9,1488,1030.915493,635.407746,move
9,1489,1039.164812,641.060068,move
9,1490,1047.414130,646.712390,move
9,1491,1055.663449,652.364712,move
9,1492,1063.912767,658.017034,move
9,1493,1072.162086,663.669356,move
9,1494,1080.411404,669.321678,move
9,1495,1088.660723,674.974000,move
9,1496,1096.910041,680.626322,move
9,1497,1105.159360,686.278644,move
9,1498,1113.408678,691.930966,move
9,1499,1121.657997,697.583288,move
10,1500,140.000000,867.000000,wait
10,1501,140.000000,867.000000,wait
10,1502,140.000000,867.000000,wait
10,1503,140.000000,867.000000,wait
10,1504,140.000000,867.000000,wait
10,1505,140.000000,867.000000,wait
10,1506,140.000000,867.000000,wait
10,1507,140.000000,867.000000,wait
10,1508,140.000000,867.000000,wait
10,1509,140.000000,867.000000,wait
10,1510,140.000000,867.000000,wait
10,1511,140.000000,867.000000,wait
10,1512,140.000000,867.000000,wait
10,1513,140.000000,867.000000,wait
10,1514,140.000000,867.000000,wait
10,1515,136.554370,872.000000,move
10,1516,133.108740,862.612368,move
10,1517,129.663110,853.224736,move
10,1518,126.217480,843.837104,move
10,1519,122.771850,834.449472,move
10,1520,119.326220,825.061840,move
10,1521,115.880590,815.674208,move
10,1522,112.434959,806.286576,move
10,1523,108.989329,796.898944,move
10,1524,105.543699,787.511313,move
10,1525,102.098069,778.123681,move
10,1526,98.652439,768.736049,move
10,1527,95.206809,759.348417,move
10,1528,91.761179,749.960785,move
10,1529,88.315549,740.573153,move
10,1530,84.869919,731.185521,move
10,1531,81.424289,721.797889,move
10,1532,77.978659,712.410257,move
10,1533,74.533029,703.022625,move
10,1534,71.087399,693.634993,move
10,1535,67.641769,684.247361,move
10,1536,64.196138,674.859729,move
10,1537,60.750508,665.472097,move
10,1538,57.304878,656.084465,move
10,1539,53.859248,646.696833,move
10,1540,50.413618,637.309202,move
10,1541,46.967988,627.921570,move
10,1542,43.522358,618.533938,move
10,1543,40.076728,609.146306,move
10,1544,36.631098,599.758674,move
10,1545,33.185468,590.371042,move
10,1546,29.739838,580.983410,move
10,1547,26.294208,571.595778,move
10,1548,22.848578,562.208146,move
10,1549,19.402948,552.820514,move
10,1550,15.957317,543.432882,move
10,1551,12.511687,534.045250,move
10,1552,9.066057,524.657618,move
10,1553,8.000000,515.269986,move
10,1554,11.445630,505.882354,move
10,1555,14.891260,496.494722,move
10,1556,18.336890,487.107091,move
10,1557,21.782520,477.719459,move
10,1558,25.228150,468.331827,move
10,1559,28.673780,458.944195,move
10,1560,32.119410,449.556563,move
10,1561,35.565041,440.168931,move
10,1562,39.010671,430.781299,move
10,1563,42.456301,421.393667,move
10,1564,45.901931,412.006035,move
10,1565,49.347561,402.618403,move
10,1566,52.793191,393.230771,move
10,1567,56.238821,383.843139,move
10,1568,59.684451,374.455507,move
10,1569,63.130081,365.067875,move
10,1570,66.575711,355.680243,move
10,1571,70.021341,346.292611,move
10,1572,73.466971,336.904980,move
10,1573,76.912601,327.517348,move
10,1574,80.358231,318.129716,move
10,1575,83.803862,308.742084,move
10,1576,87.249492,299.354452,move
10,1577,90.695122,289.966820,move
10,1578,94.140752,280.579188,move
10,1579,97.586382,271.191556,move
10,1580,101.032012,261.803924,move
10,1581,104.477642,252.416292,move
10,1582,107.923272,243.028660,move
10,1583,111.368902,233.641028,move
10,1584,114.814532,224.253396,move
10,1585,118.260162,214.865764,move
10,1586,121.705792,205.478132,move
10,1587,125.151422,196.090500,move
10,1588,128.597052,186.702868,move
10,1589,132.042683,177.315237,move
10,1590,135.488313,167.927605,move
10,1591,138.933943,158.539973,move
10,1592,142.379573,149.152341,move
10,1593,145.825203,139.764709,move
10,1594,149.270833,130.377077,move
10,1595,152.716463,120.989445,move
10,1596,156.162093,111.601813,move
10,1597,159.607723,102.214181,move
10,1598,163.053353,92.826549,move
10,1599,166.498983,83.438917,move
10,1600,169.944613,74.051285,move
10,1601,173.390243,64.663653,move
10,1602,176.835873,55.276021,move
10,1603,180.281504,45.888389,move
10,1604,183.727134,36.500757,move
10,1605,187.172764,27.113126,move
10,1606,190.618394,17.725494,move
10,1607,194.064024,8.337862,move
10,1608,197.509654,8.000000,move
10,1609,200.955284,17.387632,move
10,1610,204.400914,26.775264,move
10,1611,207.846544,36.162896,move
10,1612,211.292174,45.550528,move
10,1613,214.737804,54.938160,move
10,1614,218.183434,64.325792,move
10,1615,221.629064,73.713424,move
10,1616,225.074694,83.101056,move
10,1617,228.520325,92.488687,move
10,1618,231.965955,101.876319,move
10,1619,235.411585,111.263951,move
10,1620,238.857215,120.651583,move
10,1621,242.302845,130.039215,move
10,1622,245.748475,139.426847,move
10,1623,249.194105,148.814479,move
10,1624,252.639735,158.202111,move
10,1625,256.085365,167.589743,move
10,1626,259.530995,176.977375,move
10,1627,262.976625,186.365007,move
10,1628,266.422255,195.752639,move
10,1629,269.867885,205.140271,move
10,1630,273.313515,214.527903,move
10,1631,276.759146,223.915535,move
10,1632,280.204776,233.303167,move
10,1633,283.650406,242.690798,move
10,1634,287.096036,252.078430,move
10,1635,290.541666,261.466062,move
10,1636,293.987296,270.853694,move
10,1637,297.432926,280.241326,move
10,1638,300.878556,289.628958,move
10,1639,304.324186,299.016590,move
10,1640,307.769816,308.404222,move
10,1641,311.215446,317.791854,move
10,1642,314.661076,327.179486,move
10,1643,318.106706,336.567118,move
10,1644,321.552336,345.954750,move
10,1645,324.997967,355.342382,move
10,1646,328.443597,364.730014,move
10,1647,331.889227,374.117646,move
10,1648,335.334857,383.505278,move
10,1649,338.780487,392.892909,move
11,1650,1371.000000,807.000000,wait
11,1651,1371.000000,807.000000,wait
11,1652,1371.000000,807.000000,wait
11,1653,1371.000000,807.000000,wait
11,1654,1371.000000,807.000000,wait
11,1655,1371.000000,807.000000,wait
11,1656,1371.000000,807.000000,wait
11,1657,1371.000000,807.000000,wait
11,1658,1371.000000,807.000000,wait
11,1659,1371.000000,807.000000,wait
11,1660,1371.000000,807.000000,wait
11,1661,1371.000000,807.000000,wait
11,1662,1371.000000,807.000000,wait
11,1663,1371.000000,807.000000,wait
11,1664,1371.000000,807.000000,wait
11,1665,1380.744873,809.244426,move
11,1666,1390.489746,811.488852,move
11,1667,1400.234619,813.733279,move
11,1668,1409.979492,815.977705,move
11,1669,1419.724365,818.222131,move
11,1670,1422.000000,820.466557,move
11,1671,1412.255127,822.710983,move
11,1672,1402.510254,824.955409,move
11,1673,1392.765381,827.199836,move
11,1674,1383.020508,829.444262,move
11,1675,1373.275635,831.688688,move
11,1676,1363.530762,833.933114,move
11,1677,1353.785889,836.177540,move
11,1678,1344.041015,838.421967,move
11,1679,1334.296142,840.666393,move
11,1680,1324.551269,842.910819,move
11,1681,1314.806396,845.155245,move
11,1682,1305.061523,847.399671,move
11,1683,1295.316650,849.644098,move
11,1684,1285.571777,851.888524,move
11,1685,1275.826904,854.132950,move
11,1686,1266.082031,856.377376,move
11,1687,1256.337158,858.621802,move
11,1688,1246.592285,860.866228,move
11,1689,1236.847412,863.110655,move
11,1690,1227.102539,865.355081,move
11,1691,1217.357666,867.599507,move
11,1692,1207.612793,869.843933,move
11,1693,1197.867919,872.000000,move
11,1694,1188.123046,869.755574,move
11,1695,1178.378173,867.511148,move
11,1696,1168.633300,865.266721,move
11,1697,1158.888427,863.022295,move
11,1698,1149.143554,860.777869,move
11,1699,1139.398681,858.533443,move
11,1700,1129.653808,856.289017,move
11,1701,1119.908935,854.044591,move
11,1702,1110.164062,851.800164,move
11,1703,1100.419189,849.555738,move
11,1704,1090.674316,847.311312,move
11,1705,1080.929443,845.066886,move
11,1706,1071.184570,842.822460,move
11,1707,1061.439697,840.578033,move
11,1708,1051.694823,838.333607,move
11,1709,1041.949950,836.089181,move
11,1710,1032.205077,833.844755,move
11,1711,1022.460204,831.600329,move
11,1712,1012.715331,829.355902,move
11,1713,1002.970458,827.111476,move
11,1714,993.225585,824.867050,move
11,1715,983.480712,822.622624,move
11,1716,973.735839,820.378198,move
11,1717,963.990966,818.133772,move
11,1718,954.246093,815.889345,move
11,1719,944.501220,813.644919,move
11,1720,934.756347,811.400493,move
11,1721,925.011474,809.156067,move
11,1722,915.266601,806.911641,move
11,1723,905.521727,804.667214,move
11,1724,895.776854,802.422788,move
11,1725,886.031981,800.178362,move
11,1726,876.287108,797.933936,move
11,1727,866.542235,795.689510,move
11,1728,856.797362,793.445083,move
11,1729,847.052489,791.200657,move
11,1730,837.307616,788.956231,move
11,1731,827.562743,786.711805,move
11,1732,817.817870,784.467379,move
11,1733,808.072997,782.222953,move
11,1734,798.328124,779.978526,move
11,1735,788.583251,777.734100,move
11,1736,778.838378,775.489674,move
11,1737,769.093505,773.245248,move
11,1738,759.348631,771.000822,move
11,1739,749.603758,768.756395,move
11,1740,739.858885,766.511969,move
11,1741,730.114012,764.267543,move
11,1742,720.369139,762.023117,move
11,1743,710.624266,759.778691,move
11,1744,700.879393,757.534264,move
11,1745,691.134520,755.289838,move
11,1746,681.389647,753.045412,move
11,1747,671.644774,750.800986,move
11,1748,661.899901,748.556560,move
11,1749,652.155028,746.312134,move
11,1750,642.410155,744.067707,move
11,1751,632.665282,741.823281,move
11,1752,622.920408,739.578855,move
11,1753,613.175535,737.334429,move
11,1754,603.430662,735.090003,move
11,1755,593.685789,732.845576,move
11,1756,583.940916,730.601150,move
11,1757,574.196043,728.356724,move
11,1758,564.451170,726.112298,move
11,1759,554.706297,723.867872,move
11,1760,544.961424,721.623446,move
11,1761,535.216551,719.379019,move
11,1762,525.471678,717.134593,move
11,1763,515.726805,714.890167,move
11,1764,505.981932,712.645741,move
11,1765,496.237059,710.401315,move
11,1766,486.492186,708.156888,move
11,1767,476.747312,705.912462,move
11,1768,467.002439,703.668036,move
11,1769,457.257566,701.423610,move
11,1770,447.512693,699.179184,move
11,1771,437.767820,696.934757,move
11,1772,428.022947,694.690331,move
11,1773,418.278074,692.445905,move
11,1774,408.533201,690.201479,move
11,1775,398.788328,687.957053,move
11,1776,389.043455,685.712627,move
11,1777,379.298582,683.468200,move
11,1778,369.553709,681.223774,move
11,1779,359.808836,678.979348,move
11,1780,350.063963,676.734922,move
11,1781,340.319090,674.490496,move
11,1782,330.574216,672.246069,move
11,1783,320.829343,670.001643,move
11,1784,311.084470,667.757217,move
11,1785,301.339597,665.512791,move
11,1786,291.594724,663.268365,move
11,1787,281.849851,661.023938,move
11,1788,272.104978,658.779512,move
11,1789,262.360105,656.535086,move
11,1790,252.615232,654.290660,move
11,1791,242.870359,652.046234,move
11,1792,233.125486,649.801808,move
11,1793,223.380613,647.557381,move
11,1794,213.635740,645.312955,move
11,1795,203.890867,643.068529,move
11,1796,194.145994,640.824103,move
11,1797,184.401120,638.579677,move
11,1798,174.656247,636.335250,move
11,1799,164.911374,634.090824,move
12,1800,801.000000,21.000000,wait
12,1801,801.000000,21.000000,wait
12,1802,801.000000,21.000000,wait
12,1803,801.000000,21.000000,wait
12,1804,801.000000,21.000000,wait
12,1805,801.000000,21.000000,wait
12,1806,801.000000,21.000000,wait
12,1807,801.000000,21.000000,wait
12,1808,801.000000,21.000000,wait
12,1809,801.000000,21.000000,wait
12,1810,801.000000,21.000000,wait
12,1811,801.000000,21.000000,wait
12,1812,801.000000,21.000000,wait
12,1813,801.000000,21.000000,wait
12,1814,801.000000,21.000000,wait
12,1815,809.986854,16.614062,move
12,1816,818.973708,12.228124,move
12,1817,827.960563,8.000000,move
12,1818,836.947417,12.385938,move
12,1819,845.934271,16.771876,move
12,1820,854.921125,21.157814,move
12,1821,863.907979,25.543752,move
12,1822,872.894834,29.929690,move
12,1823,881.881688,34.315628,move
12,1824,890.868542,38.701566,move
12,1825,899.855396,43.087503,move
12,1826,908.842250,47.473441,move
12,1827,917.829105,51.859379,move
12,1828,926.815959,56.245317,move
12,1829,935.802813,60.631255,move
12,1830,944.789667,65.017193,move
12,1831,953.776521,69.403131,move
12,1832,962.763376,73.789069,move
12,1833,971.750230,78.175007,move
12,1834,980.737084,82.560945,move
12,1835,989.723938,86.946883,move
12,1836,998.710792,91.332821,move
12,1837,1007.697647,95.718759,move
12,1838,1016.684501,100.104697,move
12,1839,1025.671355,104.490634,move
12,1840,1034.658209,108.876572,move
12,1841,1043.645063,113.262510,move
12,1842,1052.631918,117.648448,move
12,1843,1061.618772,122.034386,move
12,1844,1070.605626,126.420324,move
12,1845,1079.592480,130.806262,move
12,1846,1088.579334,135.192200,move
12,1847,1097.566189,139.578138,move
12,1848,1106.553043,143.964076,move
12,1849,1115.539897,148.350014,move
12,1850,1124.526751,152.735952,move
12,1851,1133.513606,157.121890,move
12,1852,1142.500460,161.507828,move
12,1853,1151.487314,165.893766,move
12,1854,1160.474168,170.279703,move
12,1855,1169.461022,174.665641,move
12,1856,1178.447877,179.051579,move
12,1857,1187.434731,183.437517,move
12,1858,1196.421585,187.823455,move
12,1859,1205.408439,192.209393,move
12,1860,1214.395293,196.595331,move
12,1861,1223.382148,200.981269,move
12,1862,1232.369002,205.367207,move
12,1863,1241.355856,209.753145,move
12,1864,1250.342710,214.139083,move
12,1865,1259.329564,218.525021,move
12,1866,1268.316419,222.910959,move
12,1867,1277.303273,227.296897,move
12,1868,1286.290127,231.682835,move
12,1869,1295.276981,236.068772,move
12,1870,1304.263835,240.454710,move
12,1871,1313.250690,244.840648,move
12,1872,1322.237544,249.226586,move
12,1873,1331.224398,253.612524,move
12,1874,1340.211252,257.998462,move
12,1875,1349.198106,262.384400,move
12,1876,1358.184961,266.770338,move
12,1877,1367.171815,271.156276,move
12,1878,1376.158669,275.542214,move
12,1879,1385.145523,279.928152,move
12,1880,1394.132377,284.314090,move
12,1881,1403.119232,288.700028,move
12,1882,1412.106086,293.085966,move
12,1883,1421.092940,297.471903,move
12,1884,1422.000000,301.857841,move
12,1885,1413.013146,306.243779,move
12,1886,1404.026292,310.629717,move
12,1887,1395.039437,315.015655,move
12,1888,1386.052583,319.401593,move
12,1889,1377.065729,323.787531,move
12,1890,1368.078875,328.173469,move
12,1891,1359.092021,332.559407,move
12,1892,1350.105166,336.945345,move
12,1893,1341.118312,341.331283,move
12,1894,1332.131458,345.717221,move
12,1895,1323.144604,350.103159,move
12,1896,1314.157750,354.489097,move
12,1897,1305.170895,358.875035,move
12,1898,1296.184041,363.260972,move
12,1899,1287.197187,367.646910,move
12,1900,1278.210333,372.032848,move
12,1901,1269.223479,376.418786,move
12,1902,1260.236624,380.804724,move
12,1903,1251.249770,385.190662,move
12,1904,1242.262916,389.576600,move
12,1905,1233.276062,393.962538,move
12,1906,1224.289208,398.348476,move
12,1907,1215.302353,402.734414,move
12,1908,1206.315499,407.120352,move
12,1909,1197.328645,411.506290,move
12,1910,1188.341791,415.892228,move
12,1911,1179.354937,420.278166,move
12,1912,1170.368082,424.664103,move
12,1913,1161.381228,429.050041,move
12,1914,1152.394374,433.435979,move
12,1915,1143.407520,437.821917,move
12,1916,1134.420666,442.207855,move
12,1917,1125.433811,446.593793,move
12,1918,1116.446957,450.979731,move
12,1919,1107.460103,455.365669,move
12,1920,1098.473249,459.751607,move
12,1921,1089.486394,464.137545,move
12,1922,1080.499540,468.523483,move
12,1923,1071.512686,472.909421,move
12,1924,1062.525832,477.295359,move
12,1925,1053.538978,481.681297,move
12,1926,1044.552123,486.067235,move
12,1927,1035.565269,490.453172,move
12,1928,1026.578415,494.839110,move
12,1929,1017.591561,499.225048,move
12,1930,1008.604707,503.610986,move
12,1931,999.617852,507.996924,move
12,1932,990.630998,512.382862,move
12,1933,981.644144,516.768800,move
12,1934,972.657290,521.154738,move
12,1935,963.670436,525.540676,move
12,1936,954.683581,529.926614,move
12,1937,945.696727,534.312552,move
12,1938,936.709873,538.698490,move
12,1939,927.723019,543.084428,move
12,1940,918.736165,547.470366,move
12,1941,909.749310,551.856303,move
12,1942,900.762456,556.242241,move
12,1943,891.775602,560.628179,move
12,1944,882.788748,565.014117,move
12,1945,873.801894,569.400055,move
12,1946,864.815039,573.785993,move
12,1947,855.828185,578.171931,move
12,1948,846.841331,582.557869,move
12,1949,837.854477,586.943807,move
13,1950,1313.000000,821.000000,wait
13,1951,1313.000000,821.000000,wait
13,1952,1313.000000,821.000000,wait
13,1953,1313.000000,821.000000,wait
13,1954,1313.000000,821.000000,wait
13,1955,1313.000000,821.000000,wait
13,1956,1313.000000,821.000000,wait
13,1957,1313.000000,821.000000,wait
13,1958,1313.000000,821.000000,wait
13,1959,1313.000000,821.000000,wait
13,1960,1313.000000,821.000000,wait
13,1961,1313.000000,821.000000,wait
13,1962,1313.000000,821.000000,wait
13,1963,1313.000000,821.000000,wait
13,1964,1313.000000,821.000000,wait
13,1965,1322.005540,825.347442,move
13,1966,1331.011080,829.694883,move
13,1967,1340.016620,834.042325,move
13,1968,1349.022160,838.389767,move
13,1969,1358.027700,842.737209,move
13,1970,1367.033240,847.084650,move
13,1971,1376.038780,851.432092,move
13,1972,1385.044320,855.779534,move
13,1973,1394.049860,860.126976,move
13,1974,1403.055400,864.474417,move
13,1975,1412.060940,868.821859,move
13,1976,1421.066480,872.000000,move
13,1977,1422.000000,867.652558,move
13,1978,1412.994460,863.305117,move
13,1979,1403.988920,858.957675,move
13,1980,1394.983380,854.610233,move
13,1981,1385.977840,850.262791,move
13,1982,1376.972300,845.915350,move
13,1983,1367.966760,841.567908,move
13,1984,1358.961220,837.220466,move
13,1985,1349.955680,832.873024,move
13,1986,1340.950140,828.525583,move
13,1987,1331.944600,824.178141,move
13,1988,1322.939060,819.830699,move
13,1989,1313.933520,815.483257,move
13,1990,1304.927980,811.135816,move
13,1991,1295.922440,806.788374,move
13,1992,1286.916900,802.440932,move
13,1993,1277.911360,798.093490,move
13,1994,1268.905820,793.746049,move
13,1995,1259.900280,789.398607,move
13,1996,1250.894740,785.051165,move
13,1997,1241.889200,780.703723,move
13,1998,1232.883660,776.356282,move
13,1999,1223.878120,772.008840,move
13,2000,1214.872581,767.661398,move
13,2001,1205.867041,763.313956,move
13,2002,1196.861501,758.966515,move
13,2003,1187.855961,754.619073,move
13,2004,1178.850421,750.271631,move
13,2005,1169.844881,745.924189,move
13,2006,1160.839341,741.576748,move
13,2007,1151.833801,737.229306,move
13,2008,1142.828261,732.881864,move
13,2009,1133.822721,728.534422,move
13,2010,1124.817181,724.186981,move
13,2011,1115.811641,719.839539,move
13,2012,1106.806101,715.492097,move
13,2013,1097.800561,711.144656,move
13,2014,1088.795021,706.797214,move
13,2015,1079.789481,702.449772,move
13,2016,1070.783941,698.102330,move
13,2017,1061.778401,693.754889,move
13,2018,1052.772861,689.407447,move
13,2019,1043.767321,685.060005,move
13,2020,1034.761781,680.712563,move
13,2021,1025.756241,676.365122,move
13,2022,1016.750701,672.017680,move
13,2023,1007.745161,667.670238,move
13,2024,998.739621,663.322796,move
13,2025,989.734081,658.975355,move
13,2026,980.728541,654.627913,move
13,2027,971.723001,650.280471,move
13,2028,962.717461,645.933029,move
13,2029,953.711921,641.585588,move
13,2030,944.706381,637.238146,move
13,2031,935.700841,632.890704,move
13,2032,926.695301,628.543262,move
13,2033,917.689761,624.195821,move
13,2034,908.684221,619.848379,move
13,2035,899.678681,615.500937,move
13,2036,890.673141,611.153495,move
13,2037,881.667601,606.806054,move
13,2038,872.662061,602.458612,move
13,2039,863.656521,598.111170,move
13,2040,854.650981,593.763728,move
13,2041,845.645441,589.416287,move
13,2042,836.639901,585.068845,move
13,2043,827.634361,580.721403,move
13,2044,818.628821,576.373961,move
13,2045,809.623282,572.026520,move
13,2046,800.617742,567.679078,move
13,2047,791.612202,563.331636,move
13,2048,782.606662,558.984194,move
13,2049,773.601122,554.636753,move
13,2050,764.595582,550.289311,move
13,2051,755.590042,545.941869,move
13,2052,746.584502,541.594428,move
13,2053,737.578962,537.246986,move
13,2054,728.573422,532.899544,move
13,2055,719.567882,528.552102,move
13,2056,710.562342,524.204661,move
13,2057,701.556802,519.857219,move
13,2058,692.551262,515.509777,move
13,2059,683.545722,511.162335,move
13,2060,674.540182,506.814894,move
13,2061,665.534642,502.467452,move
13,2062,656.529102,498.120010,move
13,2063,647.523562,493.772568,move
13,2064,638.518022,489.425127,move
13,2065,629.512482,485.077685,move
13,2066,620.506942,480.730243,move
13,2067,611.501402,476.382801,move
13,2068,602.495862,472.035360,move
13,2069,593.490322,467.687918,move
13,2070,584.484782,463.340476,move
13,2071,575.479242,458.993034,move
13,2072,566.473702,454.645593,move
13,2073,557.468162,450.298151,move
13,2074,548.462622,445.950709,move
13,2075,539.457082,441.603267,move
13,2076,530.451542,437.255826,move
13,2077,521.446002,432.908384,move
13,2078,512.440462,428.560942,move
13,2079,503.434922,424.213500,move
13,2080,494.429382,419.866059,move
13,2081,485.423842,415.518617,move
13,2082,476.418302,411.171175,move
13,2083,467.412762,406.823733,move
13,2084,458.407222,402.476292,move
13,2085,449.401682,398.128850,move
13,2086,440.396142,393.781408,move
13,2087,431.390602,389.433967,move
13,2088,422.385062,385.086525,move
13,2089,413.379523,380.739083,move
13,2090,404.373983,376.391641,move
13,2091,395.368443,372.044200,move
13,2092,386.362903,367.696758,move
13,2093,377.357363,363.349316,move
13,2094,368.351823,359.001874,move
13,2095,359.346283,354.654433,move
13,2096,350.340743,350.306991,move
13,2097,341.335203,345.959549,move
13,2098,332.329663,341.612107,move
13,2099,323.324123,337.264666,move
14,2100,1295.000000,60.000000,wait
14,2101,1295.000000,60.000000,wait
14,2102,1295.000000,60.000000,wait
14,2103,1295.000000,60.000000,wait
14,2104,1295.000000,60.000000,wait
14,2105,1295.000000,60.000000,wait
14,2106,1295.000000,60.000000,wait
14,2107,1295.000000,60.000000,wait
14,2108,1295.000000,60.000000,wait
14,2109,1295.000000,60.000000,wait
14,2110,1295.000000,60.000000,wait
14,2111,1295.000000,60.000000,wait
14,2112,1295.000000,60.000000,wait
14,2113,1295.000000,60.000000,wait
14,2114,1295.000000,60.000000,wait
14,2115,1288.834408,67.873085,move
14,2116,1282.668815,75.746170,move
14,2117,1276.503223,83.619256,move
14,2118,1270.337630,91.492341,move
14,2119,1264.172038,99.365426,move
14,2120,1258.006446,107.238511,move
14,2121,1251.840853,115.111596,move
14,2122,1245.675261,122.984681,move
14,2123,1239.509668,130.857767,move
14,2124,1233.344076,138.730852,move
14,2125,1227.178483,146.603937,move
14,2126,1221.012891,154.477022,move
14,2127,1214.847299,162.350107,move
14,2128,1208.681706,170.223192,move
14,2129,1202.516114,178.096278,move
14,2130,1196.350521,185.969363,move
14,2131,1190.184929,193.842448,move
14,2132,1184.019337,201.715533,move
14,2133,1177.853744,209.588618,move
14,2134,1171.688152,217.461704,move
14,2135,1165.522559,225.334789,move
14,2136,1159.356967,233.207874,move
14,2137,1153.191375,241.080959,move
14,2138,1147.025782,248.954044,move
14,2139,1140.860190,256.827129,move
14,2140,1134.694597,264.700215,move
14,2141,1128.529005,272.573300,move
14,2142,1122.363412,280.446385,move
14,2143,1116.197820,288.319470,move
14,2144,1110.032228,296.192555,move
14,2145,1103.866635,304.065640,move
14,2146,1097.701043,311.938726,move
14,2147,1091.535450,319.811811,move
14,2148,1085.369858,327.684896,move
14,2149,1079.204266,335.557981,move
14,2150,1073.038673,343.431066,move
14,2151,1066.873081,351.304152,move
14,2152,1060.707488,359.177237,move
14,2153,1054.541896,367.050322,move
14,2154,1048.376303,374.923407,move
14,2155,1042.210711,382.796492,move
14,2156,1036.045119,390.669577,move
14,2157,1029.879526,398.542663,move
14,2158,1023.713934,406.415748,move
14,2159,1017.548341,414.288833,move
14,2160,1011.382749,422.161918,move
14,2161,1005.217157,430.035003,move
14,2162,999.051564,437.908088,move
14,2163,992.885972,445.781174,move
14,2164,986.720379,453.654259,move
14,2165,980.554787,461.527344,move
14,2166,974.389195,469.400429,move
14,2167,968.223602,477.273514,move
14,2168,962.058010,485.146600,move
14,2169,955.892417,493.019685,move
14,2170,949.726825,500.892770,move
14,2171,943.561232,508.765855,move
14,2172,937.395640,516.638940,move
14,2173,931.230048,524.512025,move
14,2174,925.064455,532.385111,move
14,2175,918.898863,540.258196,move
14,2176,912.733270,548.131281,move
14,2177,906.567678,556.004366,move
14,2178,900.402086,563.877451,move
14,2179,894.236493,571.750536,move
14,2180,888.070901,579.623622,move
14,2181,881.905308,587.496707,move
14,2182,875.739716,595.369792,move
14,2183,869.574124,603.242877,move
14,2184,863.408531,611.115962,move
14,2185,857.242939,618.989048,move
14,2186,851.077346,626.862133,move
14,2187,844.911754,634.735218,move
14,2188,838.746161,642.608303,move
14,2189,832.580569,650.481388,move
14,2190,826.414977,658.354473,move
14,2191,820.249384,666.227559,move
14,2192,814.083792,674.100644,move
14,2193,807.918199,681.973729,move
14,2194,801.752607,689.846814,move
14,2195,795.587015,697.719899,move
14,2196,789.421422,705.592984,move
14,2197,783.255830,713.466070,move
14,2198,777.090237,721.339155,move
14,2199,770.924645,729.212240,move
14,2200,764.759052,737.085325,move
14,2201,758.593460,744.958410,move
14,2202,752.427868,752.831496,move
14,2203,746.262275,760.704581,move
14,2204,740.096683,768.577666,move
14,2205,733.931090,776.450751,move
14,2206,727.765498,784.323836,move
14,2207,721.599906,792.196921,move
14,2208,715.434313,800.070007,move
14,2209,709.268721,807.943092,move
14,2210,703.103128,815.816177,move
14,2211,696.937536,823.689262,move
14,2212,690.771944,831.562347,move
14,2213,684.606351,839.435432,move
14,2214,678.440759,847.308518,move
14,2215,672.275166,855.181603,move
14,2216,666.109574,863.054688,move
14,2217,659.943981,870.927773,move
14,2218,653.778389,872.000000,move
14,2219,647.612797,864.126915,move
14,2220,641.447204,856.253830,move
14,2221,635.281612,848.380744,move
14,2222,629.116019,840.507659,move
14,2223,622.950427,832.634574,move
14,2224,616.784835,824.761489,move
14,2225,610.619242,816.888404,move
14,2226,604.453650,809.015319,move
14,2227,598.288057,801.142233,move
14,2228,592.122465,793.269148,move
14,2229,585.956873,785.396063,move
14,2230,579.791280,777.522978,move
14,2231,573.625688,769.649893,move
14,2232,567.460095,761.776808,move
14,2233,561.294503,753.903722,move
14,2234,555.128910,746.030637,move
14,2235,548.963318,738.157552,move
14,2236,542.797726,730.284467,move
14,2237,536.632133,722.411382,move
14,2238,530.466541,714.538296,move
14,2239,524.300948,706.665211,move
14,2240,518.135356,698.792126,move
14,2241,511.969764,690.919041,move
14,2242,505.804171,683.045956,move
14,2243,499.638579,675.172871,move
14,2244,493.472986,667.299785,move
14,2245,487.307394,659.426700,move
14,2246,481.141801,651.553615,move
14,2247,474.976209,643.680530,move
14,2248,468.810617,635.807445,move
14,2249,462.645024,627.934360,move
15,2250,1357.000000,828.000000,wait
15,2251,1357.000000,828.000000,wait
15,2252,1357.000000,828.000000,wait
15,2253,1357.000000,828.000000,wait
15,2254,1357.000000,828.000000,wait
15,2255,1357.000000,828.000000,wait
15,2256,1357.000000,828.000000,wait
15,2257,1357.000000,828.000000,wait
15,2258,1357.000000,828.000000,wait
15,2259,1357.000000,828.000000,wait
15,2260,1357.000000,828.000000,wait
15,2261,1357.000000,828.000000,wait
15,2262,1357.000000,828.000000,wait
15,2263,1357.000000,828.000000,wait
15,2264,1357.000000,828.000000,wait
15,2265,1347.044502,828.942368,move
15,2266,1337.089004,829.884735,move
15,2267,1327.133506,830.827103,move
15,2268,1317.178007,831.769470,move
15,2269,1307.222509,832.711838,move
15,2270,1297.267011,833.654206,move
15,2271,1287.311513,834.596573,move
15,2272,1277.356015,835.538941,move
15,2273,1267.400517,836.481309,move
15,2274,1257.445019,837.423676,move
15,2275,1247.489520,838.366044,move
15,2276,1237.534022,839.308411,move
15,2277,1227.578524,840.250779,move
15,2278,1217.623026,841.193147,move
15,2279,1207.667528,842.135514,move
15,2280,1197.712030,843.077882,move
15,2281,1187.756532,844.020249,move
15,2282,1177.801033,844.962617,move
15,2283,1167.845535,845.904985,move
15,2284,1157.890037,846.847352,move
15,2285,1147.934539,847.789720,move
15,2286,1137.979041,848.732088,move
15,2287,1128.023543,849.674455,move
15,2288,1118.068045,850.616823,move
15,2289,1108.112546,851.559190,move
15,2290,1098.157048,852.501558,move
15,2291,1088.201550,853.443926,move
15,2292,1078.246052,854.386293,move
15,2293,1068.290554,855.328661,move
15,2294,1058.335056,856.271028,move
15,2295,1048.379558,857.213396,move
15,2296,1038.424059,858.155764,move
15,2297,1028.468561,859.098131,move
15,2298,1018.513063,860.040499,move
15,2299,1008.557565,860.982867,move
15,2300,998.602067,861.925234,move
15,2301,988.646569,862.867602,move
15,2302,978.691071,863.809969,move
15,2303,968.735572,864.752337,move
15,2304,958.780074,865.694705,move
15,2305,948.824576,866.637072,move
15,2306,938.869078,867.579440,move
15,2307,928.913580,868.521807,move
15,2308,918.958082,869.464175,move
15,2309,909.002584,870.406543,move
15,2310,899.047085,871.348910,move
15,2311,889.091587,872.000000,move
15,2312,879.136089,871.057632,move
15,2313,869.180591,870.115265,move
15,2314,859.225093,869.172897,move
15,2315,849.269595,868.230530,move
15,2316,839.314097,867.288162,move
15,2317,829.358598,866.345794,move
15,2318,819.403100,865.403427,move
15,2319,809.447602,864.461059,move
15,2320,799.492104,863.518691,move
15,2321,789.536606,862.576324,move
15,2322,779.581108,861.633956,move
15,2323,769.625610,860.691589,move
15,2324,759.670111,859.749221,move
15,2325,749.714613,858.806853,move
15,2326,739.759115,857.864486,move
15,2327,729.803617,856.922118,move
15,2328,719.848119,855.979751,move
15,2329,709.892621,855.037383,move
15,2330,699.937123,854.095015,move
15,2331,689.981624,853.152648,move
15,2332,680.026126,852.210280,move
15,2333,670.070628,851.267912,move
15,2334,660.115130,850.325545,move
15,2335,650.159632,849.383177,move
15,2336,640.204134,848.440810,move
15,2337,630.248636,847.498442,move
15,2338,620.293137,846.556074,move
15,2339,610.337639,845.613707,move
15,2340,600.382141,844.671339,move
15,2341,590.426643,843.728972,move
15,2342,580.471145,842.786604,move
15,2343,570.515647,841.844236,move
15,2344,560.560149,840.901869,move
15,2345,550.604650,839.959501,move
15,2346,540.649152,839.017133,move
15,2347,530.693654,838.074766,move
15,2348,520.738156,837.132398,move
15,2349,510.782658,836.190031,move
15,2350,500.827160,835.247663,move
15,2351,490.871662,834.305295,move
15,2352,480.916163,833.362928,move
15,2353,470.960665,832.420560,move
15,2354,461.005167,831.478193,move
15,2355,451.049669,830.535825,move
15,2356,441.094171,829.593457,move
15,2357,431.138673,828.651090,move
15,2358,421.183175,827.708722,move
15,2359,411.227676,826.766354,move
15,2360,401.272178,825.823987,move
15,2361,391.316680,824.881619,move
15,2362,381.361182,823.939252,move
15,2363,371.405684,822.996884,move
15,2364,361.450186,822.054516,move
15,2365,351.494688,821.112149,move
15,2366,341.539189,820.169781,move
15,2367,331.583691,819.227414,move
15,2368,321.628193,818.285046,move
15,2369,311.672695,817.342678,move
15,2370,301.717197,816.400311,move
15,2371,291.761699,815.457943,move
15,2372,281.806201,814.515575,move
15,2373,271.850702,813.573208,move
15,2374,261.895204,812.630840,move
15,2375,251.939706,811.688473,move
15,2376,241.984208,810.746105,move
15,2377,232.028710,809.803737,move
15,2378,222.073212,808.861370,move
15,2379,212.117714,807.919002,move
15,2380,202.162215,806.976635,move
15,2381,192.206717,806.034267,move
15,2382,182.251219,805.091899,move
15,2383,172.295721,804.149532,move
15,2384,162.340223,803.207164,move
15,2385,152.384725,802.264796,move
15,2386,142.429227,801.322429,move
15,2387,132.473728,800.380061,move
15,2388,122.518230,799.437694,move
15,2389,112.562732,798.495326,move
15,2390,102.607234,797.552958,move
15,2391,92.651736,796.610591,move
15,2392,82.696238,795.668223,move
15,2393,72.740740,794.725856,move
15,2394,62.785241,793.783488,move
15,2395,52.829743,792.841120,move
15,2396,42.874245,791.898753,move
15,2397,32.918747,790.956385,move
15,2398,22.963249,790.014018,move
15,2399,13.007751,789.071650,move
16,2400,1313.000000,831.000000,wait
16,2401,1313.000000,831.000000,wait
16,2402,1313.000000,831.000000,wait
16,2403,1313.000000,831.000000,wait
16,2404,1313.000000,831.000000,wait
16,2405,1313.000000,831.000000,wait
16,2406,1313.000000,831.000000,wait
16,2407,1313.000000,831.000000,wait
16,2408,1313.000000,831.000000,wait
16,2409,1313.000000,831.000000,wait
16,2410,1313.000000,831.000000,wait
16,2411,1313.000000,831.000000,wait
16,2412,1313.000000,831.000000,wait
16,2413,1313.000000,831.000000,wait
16,2414,1313.000000,831.000000,wait
16,2415,1322.982095,830.401856,move
16,2416,1332.964190,829.803712,move
16,2417,1342.946286,829.205568,move
16,2418,1352.928381,828.607425,move
16,2419,1362.910476,828.009281,move
16,2420,1372.892571,827.411137,move
16,2421,1382.874666,826.812993,move
16,2422,1392.856761,826.214849,move
16,2423,1402.838857,825.616705,move
16,2424,1412.820952,825.018562,move
16,2425,1422.000000,824.420418,move
16,2426,1412.017905,823.822274,move
16,2427,1402.035810,823.224130,move
16,2428,1392.053714,822.625986,move
16,2429,1382.071619,822.027842,move
16,2430,1372.089524,821.429698,move
16,2431,1362.107429,820.831555,move
16,2432,1352.125334,820.233411,move
16,2433,1342.143239,819.635267,move
16,2434,1332.161143,819.037123,move
16,2435,1322.179048,818.438979,move
16,2436,1312.196953,817.840835,move
16,2437,1302.214858,817.242692,move
16,2438,1292.232763,816.644548,move
16,2439,1282.250668,816.046404,move
16,2440,1272.268572,815.448260,move
16,2441,1262.286477,814.850116,move
16,2442,1252.304382,814.251972,move
16,2443,1242.322287,813.653829,move
16,2444,1232.340192,813.055685,move
16,2445,1222.358097,812.457541,move
16,2446,1212.376001,811.859397,move
16,2447,1202.393906,811.261253,move
16,2448,1192.411811,810.663109,move
16,2449,1182.429716,810.064965,move
16,2450,1172.447621,809.466822,move
16,2451,1162.465526,808.868678,move
16,2452,1152.483430,808.270534,move
16,2453,1142.501335,807.672390,move
16,2454,1132.519240,807.074246,move
16,2455,1122.537145,806.476102,move
16,2456,1112.555050,805.877959,move
16,2457,1102.572955,805.279815,move
16,2458,1092.590859,804.681671,move
16,2459,1082.608764,804.083527,move
16,2460,1072.626669,803.485383,move
16,2461,1062.644574,802.887239,move
16,2462,1052.662479,802.289095,move
16,2463,1042.680384,801.690952,move
16,2464,1032.698288,801.092808,move
16,2465,1022.716193,800.494664,move
16,2466,1012.734098,799.896520,move
16,2467,1002.752003,799.298376,move
16,2468,992.769908,798.700232,move
16,2469,982.787813,798.102089,move
16,2470,972.805717,797.503945,move
16,2471,962.823622,796.905801,move
16,2472,952.841527,796.307657,move
16,2473,942.859432,795.709513,move
16,2474,932.877337,795.111369,move
16,2475,922.895242,794.513225,move
16,2476,912.913146,793.915082,move
16,2477,902.931051,793.316938,move
16,2478,892.948956,792.718794,move
16,2479,882.966861,792.120650,move
16,2480,872.984766,791.522506,move
16,2481,863.002671,790.924362,move
16,2482,853.020575,790.326219,move
16,2483,843.038480,789.728075,move
16,2484,833.056385,789.129931,move
16,2485,823.074290,788.531787,move
16,2486,813.092195,787.933643,move
16,2487,803.110100,787.335499,move
16,2488,793.128004,786.737356,move
16,2489,783.145909,786.139212,move
16,2490,773.163814,785.541068,move
16,2491,763.181719,784.942924,move
16,2492,753.199624,784.344780,move
16,2493,743.217529,783.746636,move
16,2494,733.235433,783.148492,move
16,2495,723.253338,782.550349,move
16,2496,713.271243,781.952205,move
16,2497,703.289148,781.354061,move
16,2498,693.307053,780.755917,move
16,2499,683.324958,780.157773,move
16,2500,673.342862,779.559629,move
16,2501,663.360767,778.961486,move
16,2502,653.378672,778.363342,move
16,2503,643.396577,777.765198,move
16,2504,633.414482,777.167054,move
16,2505,623.432387,776.568910,move
16,2506,613.450291,775.970766,move
16,2507,603.468196,775.372622,move
16,2508,593.486101,774.774479,move
16,2509,583.504006,774.176335,move
16,2510,573.521911,773.578191,move
16,2511,563.539816,772.980047,move
16,2512,553.557720,772.381903,move
16,2513,543.575625,771.783759,move
16,2514,533.593530,771.185616,move
16,2515,523.611435,770.587472,move
16,2516,513.629340,769.989328,move
16,2517,503.647245,769.391184,move
16,2518,493.665149,768.793040,move
16,2519,483.683054,768.194896,move
16,2520,473.700959,767.596753,move
16,2521,463.718864,766.998609,move
16,2522,453.736769,766.400465,move
16,2523,443.754674,765.802321,move
16,2524,433.772578,765.204177,move
16,2525,423.790483,764.606033,move
16,2526,413.808388,764.007889,move
16,2527,403.826293,763.409746,move
16,2528,393.844198,762.811602,move
16,2529,383.862103,762.213458,move
16,2530,373.880007,761.615314,move
16,2531,363.897912,761.017170,move
16,2532,353.915817,760.419026,move
16,2533,343.933722,759.820883,move
16,2534,333.951627,759.222739,move
16,2535,323.969532,758.624595,move
16,2536,313.987436,758.026451,move
16,2537,304.005341,757.428307,move
16,2538,294.023246,756.830163,move
16,2539,284.041151,756.232019,move
16,2540,274.059056,755.633876,move
16,2541,264.076961,755.035732,move
16,2542,254.094865,754.437588,move
16,2543,244.112770,753.839444,move
16,2544,234.130675,753.241300,move
16,2545,224.148580,752.643156,move
16,2546,214.166485,752.045013,move
16,2547,204.184390,751.446869,move
16,2548,194.202294,750.848725,move
16,2549,184.220199,750.250581,move
17,2550,1383.000000,850.000000,wait
17,2551,1383.000000,850.000000,wait
17,2552,1383.000000,850.000000,wait
17,2553,1383.000000,850.000000,wait
17,2554,1383.000000,850.000000,wait
17,2555,1383.000000,850.000000,wait
17,2556,1383.000000,850.000000,wait
17,2557,1383.000000,850.000000,wait
17,2558,1383.000000,850.000000,wait
17,2559,1383.000000,850.000000,wait
17,2560,1383.000000,850.000000,wait
17,2561,1383.000000,850.000000,wait
17,2562,1383.000000,850.000000,wait
17,2563,1383.000000,850.000000,wait
17,2564,1383.000000,850.000000,wait
17,2565,1377.884806,858.592717,move
17,2566,1372.769611,867.185434,move
17,2567,1367.654417,872.000000,move
17,2568,1362.539223,863.407283,move
17,2569,1357.424028,854.814566,move
17,2570,1352.308834,846.221849,move
17,2571,1347.193640,837.629132,move
17,2572,1342.078445,829.036415,move
17,2573,1336.963251,820.443697,move
17,2574,1331.848057,811.850980,move
17,2575,1326.732862,803.258263,move
17,2576,1321.617668,794.665546,move
17,2577,1316.502474,786.072829,move
17,2578,1311.387279,777.480112,move
17,2579,1306.272085,768.887395,move
17,2580,1301.156891,760.294678,move
17,2581,1296.041696,751.701961,move
17,2582,1290.926502,743.109244,move
17,2583,1285.811308,734.516527,move
17,2584,1280.696113,725.923809,move
17,2585,1275.580919,717.331092,move
17,2586,1270.465725,708.738375,move
17,2587,1265.350530,700.145658,move
17,2588,1260.235336,691.552941,move
17,2589,1255.120142,682.960224,move
17,2590,1250.004947,674.367507,move
17,2591,1244.889753,665.774790,move
17,2592,1239.774559,657.182073,move
17,2593,1234.659364,648.589356,move
17,2594,1229.544170,639.996639,move
17,2595,1224.428976,631.403921,move
17,2596,1219.313782,622.811204,move
17,2597,1214.198587,614.218487,move
17,2598,1209.083393,605.625770,move
17,2599,1203.968199,597.033053,move
17,2600,1198.853004,588.440336,move
17,2601,1193.737810,579.847619,move
17,2602,1188.622616,571.254902,move
17,2603,1183.507421,562.662185,move
17,2604,1178.392227,554.069468,move
17,2605,1173.277033,545.476751,move
17,2606,1168.161838,536.884033,move
17,2607,1163.046644,528.291316,move
17,2608,1157.931450,519.698599,move
17,2609,1152.816255,511.105882,move
17,2610,1147.701061,502.513165,move
17,2611,1142.585867,493.920448,move
17,2612,1137.470672,485.327731,move
17,2613,1132.355478,476.735014,move
17,2614,1127.240284,468.142297,move
17,2615,1122.125089,459.549580,move
17,2616,1117.009895,450.956863,move
17,2617,1111.894701,442.364146,move
17,2618,1106.779506,433.771428,move
17,2619,1101.664312,425.178711,move
17,2620,1096.549118,416.585994,move
17,2621,1091.433923,407.993277,move
17,2622,1086.318729,399.400560,move
17,2623,1081.203535,390.807843,move
17,2624,1076.088340,382.215126,move
17,2625,1070.973146,373.622409,move
17,2626,1065.857952,365.029692,move
17,2627,1060.742757,356.436975,move
17,2628,1055.627563,347.844258,move
17,2629,1050.512369,339.251540,move
17,2630,1045.397174,330.658823,move
17,2631,1040.281980,322.066106,move
17,2632,1035.166786,313.473389,move
17,2633,1030.051591,304.880672,move
17,2634,1024.936397,296.287955,move
17,2635,1019.821203,287.695238,move
17,2636,1014.706008,279.102521,move
17,2637,1009.590814,270.509804,move
17,2638,1004.475620,261.917087,move
17,2639,999.360425,253.324370,move
17,2640,994.245231,244.731652,move
17,2641,989.130037,236.138935,move
17,2642,984.014842,227.546218,move
17,2643,978.899648,218.953501,move
17,2644,973.784454,210.360784,move
17,2645,968.669259,201.768067,move
17,2646,963.554065,193.175350,move
17,2647,958.438871,184.582633,move
17,2648,953.323676,175.989916,move
17,2649,948.208482,167.397199,move
17,2650,943.093288,158.804482,move
17,2651,937.978093,150.211764,move
17,2652,932.862899,141.619047,move
17,2653,927.747705,133.026330,move
17,2654,922.632510,124.433613,move
17,2655,917.517316,115.840896,move
17,2656,912.402122,107.248179,move
17,2657,907.286928,98.655462,move
17,2658,902.171733,90.062745,move
17,2659,897.056539,81.470028,move
17,2660,891.941345,72.877311,move
17,2661,886.826150,64.284594,move
17,2662,881.710956,55.691876,move
17,2663,876.595762,47.099159,move
17,2664,871.480567,38.506442,move
17,2665,866.365373,29.913725,move
17,2666,861.250179,21.321008,move
17,2667,856.134984,12.728291,move
17,2668,851.019790,8.000000,move
17,2669,845.904596,16.592717,move
17,2670,840.789401,25.185434,move
17,2671,835.674207,33.778151,move
17,2672,830.559013,42.370868,move
17,2673,825.443818,50.963585,move
17,2674,820.328624,59.556303,move
17,2675,815.213430,68.149020,move
17,2676,810.098235,76.741737,move
17,2677,804.983041,85.334454,move
17,2678,799.867847,93.927171,move
17,2679,794.752652,102.519888,move
17,2680,789.637458,111.112605,move
17,2681,784.522264,119.705322,move
17,2682,779.407069,128.298039,move
17,2683,774.291875,136.890756,move
17,2684,769.176681,145.483473,move
17,2685,764.061486,154.076191,move
17,2686,758.946292,162.668908,move
17,2687,753.831098,171.261625,move
17,2688,748.715903,179.854342,move
17,2689,743.600709,188.447059,move
17,2690,738.485515,197.039776,move
17,2691,733.370320,205.632493,move
17,2692,728.255126,214.225210,move
17,2693,723.139932,222.817927,move
17,2694,718.024737,231.410644,move
17,2695,712.909543,240.003361,move
17,2696,707.794349,248.596079,move
17,2697,702.679154,257.188796,move
17,2698,697.563960,265.781513,move
17,2699,692.448766,274.374230,move
