frame, x, y
0,  1413.58,  146.11
1,  1418.16,  137.22
2,  1422.74,  128.33
3,  1418.16,  119.44
4,  1413.58,  110.55
5,  1409.00,  101.67
6,  1404.42,  92.78
7,  1399.84,  83.89
8,  1395.26,  75.00
9,  1390.68,  66.11
10,  1386.10,  57.22
11,  1381.51,  48.33
12,  1376.93,  39.44
13,  1372.35,  30.55
14,  1367.77,  21.66
15,  1363.19,  12.78
16,  1358.61,  3.89
17,  1354.03,  12.78
18,  1349.45,  21.66
19,  1344.87,  30.55
20,  1340.29,  39.44
21,  1335.71,  48.33
22,  1331.12,  57.22
23,  1326.54,  66.11
24,  1321.96,  75.00
25,  1317.38,  83.89
26,  1312.80,  92.78
27,  1308.22,  101.67
28,  1303.64,  110.55
29,  1299.06,  119.44
30,  1294.48,  128.33
31,  1289.90,  137.22
32,  1285.32,  146.11
33,  1280.73,  155.00
34,  1276.15,  163.89
35,  1271.57,  172.78
36,  1266.99,  181.67
37,  1262.41,  190.56
38,  1257.83,  199.45
39,  1253.25,  208.33
40,  1248.67,  217.22
41,  1244.09,  226.11
42,  1239.51,  235.00
43,  1234.93,  243.89
44,  1230.35,  252.78
45,  1225.76,  261.67
46,  1221.18,  270.56
47,  1216.60,  279.45
48,  1212.02,  288.34
49,  1207.44,  297.22
50,  1202.86,  306.11
51,  1198.28,  315.00
52,  1193.70,  323.89
53,  1189.12,  332.78
54,  1184.54,  341.67
55,  1179.96,  350.56
56,  1175.37,  359.45
57,  1170.79,  368.34
58,  1166.21,  377.23
59,  1161.63,  386.12
60,  1157.05,  395.00
61,  1152.47,  403.89
62,  1147.89,  412.78
63,  1143.31,  421.67
64,  1138.73,  430.56
65,  1134.15,  439.45
66,  1129.57,  448.34
67,  1124.98,  457.23
68,  1120.40,  466.12
69,  1115.82,  475.01
70,  1111.24,  483.90
71,  1106.66,  492.78
72,  1102.08,  501.67
73,  1097.50,  510.56
74,  1092.92,  519.45
75,  1088.34,  528.34
76,  1083.76,  537.23
77,  1079.18,  546.12
78,  1074.59,  555.01
79,  1070.01,  563.90
80,  1065.43,  572.79
81,  1060.85,  581.67
82,  1056.27,  590.56
83,  1051.69,  599.45
84,  1047.11,  608.34
85,  1042.53,  617.23
86,  1037.95,  626.12
87,  1033.37,  635.01
88,  1028.79,  643.90
89,  1024.20,  652.79
90,  1019.62,  661.68
91,  1015.04,  670.57
92,  1010.46,  679.45
93,  1005.88,  688.34
94,  1001.30,  697.23
95,  996.72,  706.12
96,  992.14,  715.01
97,  987.56,  723.90
98,  982.98,  732.79
99,  978.40,  741.68
100,  973.82,  750.57
101,  969.23,  759.46
102,  964.65,  768.35
103,  960.07,  777.23
104,  955.49,  786.12
105,  950.91,  795.01
106,  946.33,  803.90
107,  941.75,  812.79
108,  937.17,  821.68
109,  932.59,  830.57
110,  928.01,  839.46
111,  923.43,  848.35
112,  918.84,  857.24
113,  914.26,  866.12
114,  909.68,  875.01
115,  905.10,  866.12
116,  900.52,  857.24
117,  895.94,  848.35
118,  891.36,  839.46
119,  886.78,  830.57
120,  882.20,  821.68
121,  877.62,  812.79
122,  873.04,  803.90
123,  868.45,  795.01
124,  863.87,  786.12
125,  859.29,  777.23
126,  854.71,  768.35
127,  850.13,  759.46
128,  845.55,  750.57
129,  840.97,  741.68
130,  836.39,  732.79
131,  831.81,  723.90
132,  827.23,  715.01
133,  822.65,  706.12
134,  818.06,  697.23
135,  813.48,  688.34
136,  808.90,  679.45
137,  804.32,  670.57
138,  799.74,  661.68
139,  795.16,  652.79
140,  790.58,  643.90
141,  786.00,  635.01
142,  781.42,  626.12
143,  776.84,  617.23
144,  772.26,  608.34
145,  767.67,  599.45
146,  763.09,  590.56
147,  758.51,  581.67
148,  753.93,  572.79
149,  749.35,  563.90
150,  744.77,  555.01
151,  740.19,  546.12
152,  735.61,  537.23
153,  731.03,  528.34
154,  726.45,  519.45
155,  721.87,  510.56
156,  717.28,  501.67
157,  712.70,  492.78
158,  708.12,  483.90
159,  703.54,  475.01
160,  698.96,  466.12
161,  694.38,  457.23
162,  689.80,  448.34
163,  685.22,  439.45
164,  680.64,  430.56
165,  676.06,  421.67
166,  671.48,  412.78
167,  666.90,  403.89
168,  662.31,  395.00
169,  657.73,  386.12
170,  653.15,  377.23
171,  648.57,  368.34
172,  643.99,  359.45
173,  639.41,  350.56
174,  634.83,  341.67
175,  630.25,  332.78
176,  625.67,  323.89
177,  621.09,  315.00
178,  616.51,  306.11
179,  611.92,  297.22
180,  607.34,  288.34
181,  602.76,  279.45
182,  598.18,  270.56
183,  593.60,  261.67
184,  589.02,  252.78
185,  584.44,  243.89
186,  579.86,  235.00
187,  575.28,  226.11
188,  570.70,  217.22
189,  566.12,  208.33
190,  561.53,  199.45
191,  556.95,  190.56
192,  552.37,  181.67
193,  547.79,  172.78
194,  543.21,  163.89
195,  538.63,  155.00
196,  534.05,  146.11
197,  529.47,  137.22
198,  524.89,  128.33
199,  520.31,  119.44
200,  515.73,  110.55
201,  511.14,  101.67
202,  506.56,  92.78
203,  501.98,  83.89
204,  497.40,  75.00
205,  492.82,  66.11
206,  488.24,  57.22
207,  483.66,  48.33
208,  479.08,  39.44
209,  474.50,  30.55
210,  469.92,  21.66
211,  465.34,  12.78
212,  460.75,  3.89
213,  456.17,  12.78
214,  451.59,  21.66
215,  447.01,  30.55
216,  442.43,  39.44
217,  437.85,  48.33
218,  433.27,  57.22
219,  428.69,  66.11
220,  424.11,  75.00
221,  419.53,  83.89
222,  414.95,  92.78
223,  410.36,  101.67
224,  405.78,  110.55
225,  401.20,  119.44
226,  396.62,  128.33
227,  392.04,  137.22
228,  387.46,  146.11
229,  382.88,  155.00
230,  378.30,  163.89
231,  373.72,  172.78
232,  369.14,  181.67
233,  364.56,  190.56
234,  359.98,  199.45
235,  355.39,  208.33
236,  350.81,  217.22
237,  346.23,  226.11
238,  341.65,  235.00
239,  337.07,  243.89
240,  332.49,  252.78
241,  327.91,  261.67
242,  323.33,  270.56
243,  318.75,  279.45
244,  314.17,  288.34
245,  309.59,  297.22
246,  305.00,  306.11
247,  300.42,  315.00
248,  295.84,  323.89
249,  291.26,  332.78
250,  286.68,  341.67
251,  282.10,  350.56
252,  277.52,  359.45
253,  272.94,  368.34
254,  268.36,  377.23
255,  263.78,  386.12
256,  259.20,  395.00
257,  254.61,  403.89
258,  250.03,  412.78
259,  245.45,  421.67
260,  240.87,  430.56
261,  236.29,  439.45
262,  231.71,  448.34
263,  227.13,  457.23
264,  222.55,  466.12
265,  217.97,  475.01
266,  213.39,  483.90
267,  208.81,  492.78
268,  204.22,  501.67
269,  199.64,  510.56
270,  195.06,  519.45
271,  190.48,  528.34
272,  185.90,  537.23
273,  181.32,  546.12
274,  176.74,  555.01
275,  172.16,  563.90
276,  167.58,  572.79
277,  163.00,  581.67
278,  158.42,  590.56
279,  153.83,  599.45
280,  149.25,  608.34
281,  144.67,  617.23
282,  140.09,  626.12
283,  135.51,  635.01
284,  130.93,  643.90
285,  126.35,  652.79
286,  121.77,  661.68
287,  117.19,  670.57
288,  112.61,  679.45
289,  108.03,  688.34
290,  103.45,  697.23
291,  98.86,  706.12
292,  94.28,  715.01
293,  89.70,  723.90
294,  85.12,  732.79
295,  80.54,  741.68
296,  75.96,  750.57
297,  71.38,  759.46
298,  66.80,  768.35
299,  62.22,  777.23
300,  57.64,  786.12
301,  53.06,  795.01
302,  48.47,  803.90
303,  43.89,  812.79
304,  39.31,  821.68
305,  34.73,  830.57
306,  30.15,  839.46
307,  25.57,  848.35
308,  20.99,  857.24
309,  16.41,  866.12
310,  11.83,  875.01
311,  7.25,  866.12
312,  11.83,  857.24
313,  16.41,  848.35
314,  20.99,  839.46
315,  25.57,  830.57
316,  30.15,  821.68
317,  34.73,  812.79
318,  39.31,  803.90
319,  43.89,  795.01
320,  48.47,  786.12
321,  53.06,  777.23
322,  57.64,  768.35
323,  62.22,  759.46
324,  66.80,  750.57
325,  71.38,  741.68
326,  75.96,  732.79
327,  80.54,  723.90
328,  85.12,  715.01
329,  89.70,  706.12
330,  94.28,  697.23
331,  98.86,  688.34
332,  103.45,  679.45
333,  108.03,  670.57
334,  112.61,  661.68
335,  117.19,  652.79
336,  121.77,  643.90
337,  126.35,  635.01
338,  130.93,  626.12
339,  135.51,  617.23
340,  140.09,  608.34
341,  144.67,  599.45
342,  149.25,  590.56
343,  153.83,  581.67
344,  158.42,  572.79
345,  163.00,  563.90
346,  167.58,  555.01
347,  172.16,  546.12
348,  176.74,  537.23
349,  181.32,  528.34
350,  185.90,  519.45
351,  190.48,  510.56
352,  195.06,  501.67
353,  199.64,  492.78
354,  204.22,  483.90
355,  208.81,  475.01
356,  213.39,  466.12
357,  217.97,  457.23
358,  222.55,  448.34
359,  227.13,  439.45
360,  231.71,  430.56
361,  236.29,  421.67
362,  240.87,  412.78
363,  245.45,  403.89
364,  250.03,  395.00
365,  254.61,  386.12
366,  259.20,  377.23
367,  263.78,  368.34
368,  268.36,  359.45
369,  272.94,  350.56
370,  277.52,  341.67
371,  282.10,  332.78
372,  286.68,  323.89
373,  291.26,  315.00
374,  295.84,  306.11
375,  300.42,  297.22
376,  305.00,  288.34
377,  309.59,  279.45
378,  314.17,  270.56
379,  318.75,  261.67
380,  323.33,  252.78
381,  327.91,  243.89
382,  332.49,  235.00
383,  337.07,  226.11
384,  341.65,  217.22
385,  346.23,  208.33
386,  350.81,  199.45
387,  355.39,  190.56
388,  359.98,  181.67
389,  364.56,  172.78
390,  369.14,  163.89
391,  373.72,  155.00
392,  378.30,  146.11
393,  382.88,  137.22
394,  387.46,  128.33
395,  392.04,  119.44
396,  396.62,  110.55
397,  401.20,  101.67
398,  405.78,  92.78
399,  410.36,  83.89
400,  414.95,  75.00
401,  419.53,  66.11
402,  424.11,  57.22
403,  428.69,  48.33
404,  433.27,  39.44
405,  437.85,  30.55
406,  442.43,  21.66
407,  447.01,  12.78
408,  451.59,  3.89
409,  456.17,  12.78
410,  460.75,  21.66
411,  465.34,  30.55
412,  469.92,  39.44
413,  474.50,  48.33
414,  479.08,  57.22
415,  483.66,  66.11
416,  488.24,  75.00
417,  492.82,  83.89
418,  497.40,  92.78
419,  501.98,  101.67
420,  506.56,  110.55
421,  511.14,  119.44
422,  515.73,  128.33
423,  520.31,  137.22
424,  524.89,  146.11
425,  529.47,  155.00
426,  534.05,  163.89
427,  538.63,  172.78
428,  543.21,  181.67
429,  547.79,  190.56
430,  552.37,  199.45
431,  556.95,  208.33
432,  561.53,  217.22
433,  566.12,  226.11
434,  570.70,  235.00
435,  575.28,  243.89
436,  579.86,  252.78
437,  584.44,  261.67
438,  589.02,  270.56
439,  593.60,  279.45
440,  598.18,  288.34
441,  602.76,  297.22
442,  607.34,  306.11
443,  611.92,  315.00
444,  616.51,  323.89
445,  621.09,  332.78
446,  625.67,  341.67
447,  630.25,  350.56
448,  634.83,  359.45
449,  639.41,  368.34
450,  643.99,  377.23
451,  648.57,  386.12
452,  653.15,  395.00
453,  657.73,  403.89
454,  662.31,  412.78
455,  666.90,  421.67
456,  671.48,  430.56
457,  676.06,  439.45
458,  680.64,  448.34
459,  685.22,  457.23
460,  689.80,  466.12
461,  694.38,  475.01
462,  698.96,  483.90
463,  703.54,  492.78
464,  708.12,  501.67
465,  712.70,  510.56
466,  717.28,  519.45
467,  721.87,  528.34
468,  726.45,  537.23
469,  731.03,  546.12
470,  735.61,  555.01
471,  740.19,  563.90
472,  744.77,  572.79
473,  749.35,  581.67
474,  753.93,  590.56
475,  758.51,  599.45
476,  763.09,  608.34
477,  767.67,  617.23
478,  772.26,  626.12
479,  776.84,  635.01
480,  781.42,  643.90
481,  786.00,  652.79
482,  790.58,  661.68
483,  795.16,  670.57
484,  799.74,  679.45
485,  804.32,  688.34
486,  808.90,  697.23
487,  813.48,  706.12
488,  818.06,  715.01
489,  822.65,  723.90
490,  827.23,  732.79
491,  831.81,  741.68
492,  836.39,  750.57
493,  840.97,  759.46
494,  845.55,  768.35
495,  850.13,  777.23
496,  854.71,  786.12
497,  859.29,  795.01
498,  863.87,  803.90
499,  868.45,  812.79
500,  873.04,  821.68
501,  877.62,  830.57
502,  882.20,  839.46
503,  886.78,  848.35
504,  891.36,  857.24
505,  895.94,  866.12
506,  900.52,  875.01
507,  905.10,  866.12
508,  909.68,  857.24
509,  914.26,  848.35
510,  918.84,  839.46
511,  923.43,  830.57
512,  928.01,  821.68
513,  932.59,  812.79
514,  937.17,  803.90
515,  941.75,  795.01
516,  946.33,  786.12
517,  950.91,  777.23
518,  955.49,  768.35
519,  960.07,  759.46
520,  964.65,  750.57
521,  969.23,  741.68
522,  973.82,  732.79
523,  978.40,  723.90
524,  982.98,  715.01
525,  987.56,  706.12
526,  992.14,  697.23
527,  996.72,  688.34
528,  1001.30,  679.45
529,  1005.88,  670.57
530,  1010.46,  661.68
531,  1015.04,  652.79
532,  1019.62,  643.90
533,  1024.20,  635.01
534,  1028.79,  626.12
535,  1033.37,  617.23
536,  1037.95,  608.34
537,  1042.53,  599.45
538,  1047.11,  590.56
539,  1051.69,  581.67
540,  1056.27,  572.79
541,  1060.85,  563.90
542,  1065.43,  555.01
543,  1070.01,  546.12
544,  1074.59,  537.23
545,  1079.18,  528.34
546,  1083.76,  519.45
547,  1088.34,  510.56
548,  1092.92,  501.67
549,  1097.50,  492.78
550,  1102.08,  483.90
551,  1106.66,  475.01
552,  1111.24,  466.12
553,  1115.82,  457.23
554,  1120.40,  448.34
555,  1124.98,  439.45
556,  1129.57,  430.56
557,  1134.15,  421.67
558,  1138.73,  412.78
559,  1143.31,  403.89
560,  1147.89,  395.00
561,  1152.47,  386.12
562,  1157.05,  377.23
563,  1161.63,  368.34
564,  1166.21,  359.45
565,  1170.79,  350.56
566,  1175.37,  341.67
567,  1179.96,  332.78
568,  1184.54,  323.89
569,  1189.12,  315.00
570,  1193.70,  306.11
571,  1198.28,  297.22
572,  1202.86,  288.34
573,  1207.44,  279.45
574,  1212.02,  270.56
575,  1216.60,  261.67
576,  1221.18,  252.78
577,  1225.76,  243.89
578,  1230.35,  235.00
579,  1234.93,  226.11
580,  1239.51,  217.22
581,  1244.09,  208.33
582,  1248.67,  199.45
583,  1253.25,  190.56
584,  1257.83,  181.67
585,  1262.41,  172.78
586,  1266.99,  163.89
587,  1271.57,  155.00
588,  1276.15,  146.11
589,  1280.73,  137.22
590,  1285.32,  128.33
591,  1289.90,  119.44
592,  1294.48,  110.55
593,  1299.06,  101.67
594,  1303.64,  92.78
595,  1308.22,  83.89
596,  1312.80,  75.00
597,  1317.38,  66.11
598,  1321.96,  57.22
599,  1326.54,  48.33
600,  1331.12,  39.44
601,  1335.71,  30.55
602,  1340.29,  21.66
603,  1344.87,  12.78
604,  1349.45,  3.89
605,  1354.03,  12.78
606,  1358.61,  21.66
607,  1363.19,  30.55
608,  1367.77,  39.44
609,  1372.35,  48.33
610,  1376.93,  57.22
611,  1381.51,  66.11
612,  1386.10,  75.00
613,  1390.68,  83.89
614,  1395.26,  92.78
615,  1399.84,  101.67
616,  1404.42,  110.55
617,  1409.00,  119.44
618,  1413.58,  128.33
619,  1418.16,  137.22
620,  1422.74,  146.11
621,  1418.16,  155.00
622,  1413.58,  163.89
623,  1409.00,  172.78
624,  1404.42,  181.67
625,  1399.84,  190.56
626,  1395.26,  199.45
627,  1390.68,  208.33
628,  1386.10,  217.22
629,  1381.51,  226.11
630,  1376.93,  235.00
631,  1372.35,  243.89
632,  1367.77,  252.78
633,  1363.19,  261.67
634,  1358.61,  270.56
635,  1354.03,  279.45
636,  1349.45,  288.34
637,  1344.87,  297.22
638,  1340.29,  306.11
639,  1335.71,  315.00
640,  1331.12,  323.89
641,  1326.54,  332.78
642,  1321.96,  341.67
643,  1317.38,  350.56
644,  1312.80,  359.45
645,  1308.22,  368.34
646,  1303.64,  377.23
647,  1299.06,  386.12
648,  1294.48,  395.00
649,  1289.90,  403.89
650,  1285.32,  412.78
651,  1280.73,  421.67
652,  1276.15,  430.56
653,  1271.57,  439.45
654,  1266.99,  448.34
655,  1262.41,  457.23
656,  1257.83,  466.12
657,  1253.25,  475.01
658,  1248.67,  483.90
659,  1244.09,  492.78
660,  1239.51,  501.67
661,  1234.93,  510.56
662,  1230.35,  519.45
663,  1225.76,  528.34
664,  1221.18,  537.23
665,  1216.60,  546.12
666,  1212.02,  555.01
667,  1207.44,  563.90
668,  1202.86,  572.79
669,  1198.28,  581.67
670,  1193.70,  590.56
671,  1189.12,  599.45
672,  1184.54,  608.34
673,  1179.96,  617.23
674,  1175.37,  626.12
675,  1170.79,  635.01
676,  1166.21,  643.90
677,  1161.63,  652.79
678,  1157.05,  661.68
679,  1152.47,  670.57
680,  1147.89,  679.45
681,  1143.31,  688.34
682,  1138.73,  697.23
683,  1134.15,  706.12
684,  1129.57,  715.01
685,  1124.98,  723.90
686,  1120.40,  732.79
687,  1115.82,  741.68
688,  1111.24,  750.57
689,  1106.66,  759.46
690,  1102.08,  768.35
691,  1097.50,  777.23
692,  1092.92,  786.12
693,  1088.34,  795.01
694,  1083.76,  803.90
695,  1079.18,  812.79
696,  1074.59,  821.68
697,  1070.01,  830.57
698,  1065.43,  839.46
699,  1060.85,  848.35
700,  1056.27,  857.24
701,  1051.69,  866.12
702,  1047.11,  875.01
703,  1042.53,  866.12
704,  1037.95,  857.24
705,  1033.37,  848.35
706,  1028.79,  839.46
707,  1024.20,  830.57
708,  1019.62,  821.68
709,  1015.04,  812.79
710,  1010.46,  803.90
711,  1005.88,  795.01
712,  1001.30,  786.12
713,  996.72,  777.23
714,  992.14,  768.35
715,  987.56,  759.46
716,  982.98,  750.57
717,  978.40,  741.68
718,  973.82,  732.79
719,  969.23,  723.90
720,  964.65,  715.01
721,  960.07,  706.12
722,  955.49,  697.23
723,  950.91,  688.34
724,  946.33,  679.45
725,  941.75,  670.57
726,  937.17,  661.68
727,  932.59,  652.79
728,  928.01,  643.90
729,  923.43,  635.01
730,  918.84,  626.12
731,  914.26,  617.23
732,  909.68,  608.34
733,  905.10,  599.45
734,  900.52,  590.56
735,  895.94,  581.67
736,  891.36,  572.79
737,  886.78,  563.90
738,  882.20,  555.01
739,  877.62,  546.12
740,  873.04,  537.23
741,  868.45,  528.34
742,  863.87,  519.45
743,  859.29,  510.56
744,  854.71,  501.67
745,  850.13,  492.78
746,  845.55,  483.90
747,  840.97,  475.01
748,  836.39,  466.12
749,  831.81,  457.23
750,  827.23,  448.34
751,  822.65,  439.45
752,  818.06,  430.56
753,  813.48,  421.67
754,  808.90,  412.78
755,  804.32,  403.89
756,  799.74,  395.00
757,  795.16,  386.12
758,  790.58,  377.23
759,  786.00,  368.34
760,  781.42,  359.45
761,  776.84,  350.56
762,  772.26,  341.67
763,  767.67,  332.78
764,  763.09,  323.89
765,  758.51,  315.00
766,  753.93,  306.11
767,  749.35,  297.22
768,  744.77,  288.34
769,  740.19,  279.45
770,  735.61,  270.56
771,  731.03,  261.67
772,  726.45,  252.78
773,  721.87,  243.89
774,  717.28,  235.00
775,  712.70,  226.11
776,  708.12,  217.22
777,  703.54,  208.33
778,  698.96,  199.45
779,  694.38,  190.56
780,  689.80,  181.67
781,  685.22,  172.78
782,  680.64,  163.89
783,  676.06,  155.00
784,  671.48,  146.11
785,  666.90,  137.22
786,  662.31,  128.33
787,  657.73,  119.44
788,  653.15,  110.55
789,  648.57,  101.67
790,  643.99,  92.78
791,  639.41,  83.89
792,  634.83,  75.00
793,  630.25,  66.11
794,  625.67,  57.22
795,  621.09,  48.33
796,  616.51,  39.44
797,  611.92,  30.55
798,  607.34,  21.66
799,  602.76,  12.78
800,  598.18,  3.89
801,  593.60,  12.78
802,  589.02,  21.66
803,  584.44,  30.55
804,  579.86,  39.44
805,  575.28,  48.33
806,  570.70,  57.22
807,  566.12,  66.11
808,  561.53,  75.00
809,  556.95,  83.89
810,  552.37,  92.78
811,  547.79,  101.67
812,  543.21,  110.55
813,  538.63,  119.44
814,  534.05,  128.33
815,  529.47,  137.22
816,  524.89,  146.11
817,  520.31,  155.00
818,  515.73,  163.89
819,  511.14,  172.78
820,  506.56,  181.67
821,  501.98,  190.56
822,  497.40,  199.45
823,  492.82,  208.33
824,  488.24,  217.22
825,  483.66,  226.11
826,  479.08,  235.00
827,  474.50,  243.89
828,  469.92,  252.78
829,  465.34,  261.67
830,  460.75,  270.56
831,  456.17,  279.45
832,  451.59,  288.34
833,  447.01,  297.22
834,  442.43,  306.11
835,  437.85,  315.00
836,  433.27,  323.89
837,  428.69,  332.78
838,  424.11,  341.67
839,  419.53,  350.56
840,  414.95,  359.45
841,  410.36,  368.34
842,  405.78,  377.23
843,  401.20,  386.12
844,  396.62,  395.00
845,  392.04,  403.89
846,  387.46,  412.78
847,  382.88,  421.67
848,  378.30,  430.56
849,  373.72,  439.45
850,  369.14,  448.34
851,  364.56,  457.23
852,  359.98,  466.12
853,  355.39,  475.01
854,  350.81,  483.90
855,  346.23,  492.78
856,  341.65,  501.67
857,  337.07,  510.56
858,  332.49,  519.45
859,  327.91,  528.34
860,  323.33,  537.23
861,  318.75,  546.12
862,  314.17,  555.01
863,  309.59,  563.90
864,  305.00,  572.79
865,  300.42,  581.67
866,  295.84,  590.56
867,  291.26,  599.45
868,  286.68,  608.34
869,  282.10,  617.23
870,  277.52,  626.12
871,  272.94,  635.01
872,  268.36,  643.90
873,  263.78,  652.79
874,  259.20,  661.68
875,  254.61,  670.57
876,  250.03,  679.45
877,  245.45,  688.34
878,  240.87,  697.23
879,  236.29,  706.12
880,  231.71,  715.01
881,  227.13,  723.90
882,  222.55,  732.79
883,  217.97,  741.68
884,  213.39,  750.57
885,  208.81,  759.46
886,  204.22,  768.35
887,  199.64,  777.23
888,  195.06,  786.12
889,  190.48,  795.01
890,  185.90,  803.90
891,  181.32,  812.79
892,  176.74,  821.68
893,  172.16,  830.57
894,  167.58,  839.46
895,  163.00,  848.35
896,  158.42,  857.24
897,  153.83,  866.12
898,  149.25,  875.01
899,  144.67,  866.12
900,  140.09,  857.24
901,  135.51,  848.35
902,  130.93,  839.46
903,  126.35,  830.57
904,  121.77,  821.68
905,  117.19,  812.79
906,  112.61,  803.90
907,  108.03,  795.01
908,  103.45,  786.12
909,  98.86,  777.23
910,  94.28,  768.35
911,  89.70,  759.46
912,  85.12,  750.57
913,  80.54,  741.68
914,  75.96,  732.79
915,  71.38,  723.90
916,  66.80,  715.01
917,  62.22,  706.12
918,  57.64,  697.23
919,  53.06,  688.34
920,  48.47,  679.45
921,  43.89,  670.57
922,  39.31,  661.68
923,  34.73,  652.79
924,  30.15,  643.90
925,  25.57,  635.01
926,  20.99,  626.12
927,  16.41,  617.23
928,  11.83,  608.34
929,  7.25,  599.45
930,  11.83,  590.56
931,  16.41,  581.67
932,  20.99,  572.79
933,  25.57,  563.90
934,  30.15,  555.01
935,  34.73,  546.12
936,  39.31,  537.23
937,  43.89,  528.34
938,  48.47,  519.45
939,  53.06,  510.56
940,  57.64,  501.67
941,  62.22,  492.78
942,  66.80,  483.90
943,  71.38,  475.01
944,  75.96,  466.12
945,  80.54,  457.23
946,  85.12,  448.34
947,  89.70,  439.45
948,  94.28,  430.56
949,  98.86,  421.67
950,  103.45,  412.78
951,  108.03,  403.89
952,  112.61,  395.00
953,  117.19,  386.12
954,  121.77,  377.23
955,  126.35,  368.34
956,  130.93,  359.45
957,  135.51,  350.56
958,  140.09,  341.67
959,  144.67,  332.78
960,  149.25,  323.89
961,  153.83,  315.00
962,  158.42,  306.11
963,  163.00,  297.22
964,  167.58,  288.34
965,  172.16,  279.45
966,  176.74,  270.56
967,  181.32,  261.67
968,  185.90,  252.78
969,  190.48,  243.89
970,  195.06,  235.00
971,  199.64,  226.11
972,  204.22,  217.22
973,  208.81,  208.33
974,  213.39,  199.45
975,  217.97,  190.56
976,  222.55,  181.67
977,  227.13,  172.78
978,  231.71,  163.89
979,  236.29,  155.00
980,  240.87,  146.11
981,  245.45,  137.22
982,  250.03,  128.33
983,  254.61,  119.44
984,  259.20,  110.55
985,  263.78,  101.67
986,  268.36,  92.78
987,  272.94,  83.89
988,  277.52,  75.00
989,  282.10,  66.11
990,  286.68,  57.22
991,  291.26,  48.33
992,  295.84,  39.44
993,  300.42,  30.55
994,  305.00,  21.66
995,  309.59,  12.78
996,  314.17,  3.89
997,  318.75,  12.78
998,  323.33,  21.66
999,  327.91,  30.55
1000,  332.49,  39.44
1001,  337.07,  48.33
1002,  341.65,  57.22
1003,  346.23,  66.11
1004,  350.81,  75.00
1005,  355.39,  83.89
1006,  359.98,  92.78
1007,  364.56,  101.67
1008,  369.14,  110.55
1009,  373.72,  119.44
1010,  378.30,  128.33
1011,  382.88,  137.22
1012,  387.46,  146.11
1013,  392.04,  155.00
1014,  396.62,  163.89
1015,  401.20,  172.78
1016,  405.78,  181.67
1017,  410.36,  190.56
1018,  414.95,  199.45
1019,  419.53,  208.33
1020,  424.11,  217.22
1021,  428.69,  226.11
1022,  433.27,  235.00
1023,  437.85,  243.89
1024,  442.43,  252.78
1025,  447.01,  261.67
1026,  451.59,  270.56
1027,  456.17,  279.45
1028,  460.75,  288.34
1029,  465.34,  297.22
1030,  469.92,  306.11
1031,  474.50,  315.00
1032,  479.08,  323.89
1033,  483.66,  332.78
1034,  488.24,  341.67
1035,  492.82,  350.56
1036,  497.40,  359.45
1037,  501.98,  368.34
1038,  506.56,  377.23
1039,  511.14,  386.12
1040,  515.73,  395.00
1041,  520.31,  403.89
1042,  524.89,  412.78
1043,  529.47,  421.67
1044,  534.05,  430.56
1045,  538.63,  439.45
1046,  543.21,  448.34
1047,  547.79,  457.23
1048,  552.37,  466.12
1049,  556.95,  475.01
1050,  561.53,  483.90
1051,  566.12,  492.78
1052,  570.70,  501.67
1053,  575.28,  510.56
1054,  579.86,  519.45
1055,  584.44,  528.34
1056,  589.02,  537.23
1057,  593.60,  546.12
1058,  598.18,  555.01
1059,  602.76,  563.90
1060,  607.34,  572.79
1061,  611.92,  581.67
1062,  616.51,  590.56
1063,  621.09,  599.45
1064,  625.67,  608.34
1065,  630.25,  617.23
1066,  634.83,  626.12
1067,  639.41,  635.01
1068,  643.99,  643.90
1069,  648.57,  652.79
1070,  653.15,  661.68
1071,  657.73,  670.57
1072,  662.31,  679.45
1073,  666.90,  688.34
1074,  671.48,  697.23
1075,  676.06,  706.12
1076,  680.64,  715.01
1077,  685.22,  723.90
1078,  689.80,  732.79
1079,  694.38,  741.68
1080,  698.96,  750.57
1081,  703.54,  759.46
1082,  708.12,  768.35
1083,  712.70,  777.23
1084,  717.28,  786.12
1085,  721.87,  795.01
1086,  726.45,  803.90
1087,  731.03,  812.79
1088,  735.61,  821.68
1089,  740.19,  830.57
1090,  744.77,  839.46
1091,  749.35,  848.35
1092,  753.93,  857.24
1093,  758.51,  866.12
1094,  763.09,  875.01
1095,  767.67,  866.12
1096,  772.26,  857.24
1097,  776.84,  848.35
1098,  781.42,  839.46
1099,  786.00,  830.57
1100,  790.58,  821.68
1101,  795.16,  812.79
1102,  799.74,  803.90
1103,  804.32,  795.01
1104,  808.90,  786.12
1105,  813.48,  777.23
1106,  818.06,  768.35
1107,  822.65,  759.46
1108,  827.23,  750.57
1109,  831.81,  741.68
1110,  836.39,  732.79
1111,  840.97,  723.90
1112,  845.55,  715.01
1113,  850.13,  706.12
1114,  854.71,  697.23
1115,  859.29,  688.34
1116,  863.87,  679.45
1117,  868.45,  670.57
1118,  873.04,  661.68
1119,  877.62,  652.79
1120,  882.20,  643.90
1121,  886.78,  635.01
1122,  891.36,  626.12
1123,  895.94,  617.23
1124,  900.52,  608.34
1125,  905.10,  599.45
1126,  909.68,  590.56
1127,  914.26,  581.67
1128,  918.84,  572.79
1129,  923.43,  563.90
1130,  928.01,  555.01
1131,  932.59,  546.12
1132,  937.17,  537.23
1133,  941.75,  528.34
1134,  946.33,  519.45
1135,  950.91,  510.56
1136,  955.49,  501.67
1137,  960.07,  492.78
1138,  964.65,  483.90
1139,  969.23,  475.01
1140,  973.82,  466.12
1141,  978.40,  457.23
1142,  982.98,  448.34
1143,  987.56,  439.45
1144,  992.14,  430.56
1145,  996.72,  421.67
1146,  1001.30,  412.78
1147,  1005.88,  403.89
1148,  1010.46,  395.00
1149,  1015.04,  386.12
1150,  1019.62,  377.23
1151,  1024.20,  368.34
1152,  1028.79,  359.45
1153,  1033.37,  350.56
1154,  1037.95,  341.67
1155,  1042.53,  332.78
1156,  1047.11,  323.89
1157,  1051.69,  315.00
1158,  1056.27,  306.11
1159,  1060.85,  297.22
1160,  1065.43,  288.34
1161,  1070.01,  279.45
1162,  1074.59,  270.56
1163,  1079.18,  261.67
1164,  1083.76,  252.78
1165,  1088.34,  243.89
1166,  1092.92,  235.00
1167,  1097.50,  226.11
1168,  1102.08,  217.22
1169,  1106.66,  208.33
1170,  1111.24,  199.45
1171,  1115.82,  190.56
1172,  1120.40,  181.67
1173,  1124.98,  172.78
1174,  1129.57,  163.89
1175,  1134.15,  155.00
1176,  1138.73,  146.11
1177,  1143.31,  137.22
1178,  1147.89,  128.33
1179,  1152.47,  119.44
1180,  1157.05,  110.55
1181,  1161.63,  101.67
1182,  1166.21,  92.78
1183,  1170.79,  83.89
1184,  1175.37,  75.00
1185,  1179.96,  66.11
1186,  1184.54,  57.22
1187,  1189.12,  48.33
1188,  1193.70,  39.44
1189,  1198.28,  30.55
1190,  1202.86,  21.66
1191,  1207.44,  12.78
1192,  1212.02,  3.89
1193,  1216.60,  12.78
1194,  1221.18,  21.66
1195,  1225.76,  30.55
1196,  1230.35,  39.44
1197,  1234.93,  48.33
1198,  1239.51,  57.22
1199,  1244.09,  66.11
1200,  1248.67,  75.00
1201,  1253.25,  83.89
1202,  1257.83,  92.78
1203,  1262.41,  101.67
1204,  1266.99,  110.55
1205,  1271.57,  119.44
1206,  1276.15,  128.33
1207,  1280.73,  137.22
1208,  1285.32,  146.11
1209,  1289.90,  155.00
1210,  1294.48,  163.89
1211,  1299.06,  172.78
1212,  1303.64,  181.67
1213,  1308.22,  190.56
1214,  1312.80,  199.45
1215,  1317.38,  208.33
1216,  1321.96,  217.22
1217,  1326.54,  226.11
1218,  1331.12,  235.00
1219,  1335.71,  243.89
1220,  1340.29,  252.78
1221,  1344.87,  261.67
1222,  1349.45,  270.56
1223,  1354.03,  279.45
1224,  1358.61,  288.34
1225,  1363.19,  297.22
1226,  1367.77,  306.11
1227,  1372.35,  315.00
1228,  1376.93,  323.89
1229,  1381.51,  332.78
1230,  1386.10,  341.67
1231,  1390.68,  350.56
1232,  1395.26,  359.45
1233,  1399.84,  368.34
1234,  1404.42,  377.23
1235,  1409.00,  386.12
1236,  1413.58,  395.00
1237,  1418.16,  403.89
1238,  1422.74,  412.78
1239,  1418.16,  421.67
1240,  1413.58,  430.56
1241,  1409.00,  439.45
1242,  1404.42,  448.34
1243,  1399.84,  457.23
1244,  1395.26,  466.12
1245,  1390.68,  475.01
1246,  1386.10,  483.90
1247,  1381.51,  492.78
1248,  1376.93,  501.67
1249,  1372.35,  510.56
1250,  1367.77,  519.45
1251,  1363.19,  528.34
1252,  1358.61,  537.23
1253,  1354.03,  546.12
1254,  1349.45,  555.01
1255,  1344.87,  563.90
1256,  1340.29,  572.79
1257,  1335.71,  581.67
1258,  1331.12,  590.56
1259,  1326.54,  599.45
1260,  1321.96,  608.34
1261,  1317.38,  617.23
1262,  1312.80,  626.12
1263,  1308.22,  635.01
1264,  1303.64,  643.90
1265,  1299.06,  652.79
1266,  1294.48,  661.68
1267,  1289.90,  670.57
1268,  1285.32,  679.45
1269,  1280.73,  688.34
1270,  1276.15,  697.23
1271,  1271.57,  706.12
1272,  1266.99,  715.01
1273,  1262.41,  723.90
1274,  1257.83,  732.79
1275,  1253.25,  741.68
1276,  1248.67,  750.57
1277,  1244.09,  759.46
1278,  1239.51,  768.35
1279,  1234.93,  777.23
1280,  1230.35,  786.12
1281,  1225.76,  795.01
1282,  1221.18,  803.90
1283,  1216.60,  812.79
1284,  1212.02,  821.68
1285,  1207.44,  830.57
1286,  1202.86,  839.46
1287,  1198.28,  848.35
1288,  1193.70,  857.24
1289,  1189.12,  866.12
1290,  1184.54,  875.01
1291,  1179.96,  866.12
1292,  1175.37,  857.24
1293,  1170.79,  848.35
1294,  1166.21,  839.46
1295,  1161.63,  830.57
1296,  1157.05,  821.68
1297,  1152.47,  812.79
1298,  1147.89,  803.90
1299,  1143.31,  795.01
1300,  1138.73,  786.12
1301,  1134.15,  777.23
1302,  1129.57,  768.35
1303,  1124.98,  759.46
1304,  1120.40,  750.57
1305,  1115.82,  741.68
1306,  1111.24,  732.79
1307,  1106.66,  723.90
1308,  1102.08,  715.01
1309,  1097.50,  706.12
1310,  1092.92,  697.23
1311,  1088.34,  688.34
1312,  1083.76,  679.45
1313,  1079.18,  670.57
1314,  1074.59,  661.68
1315,  1070.01,  652.79
1316,  1065.43,  643.90
1317,  1060.85,  635.01
1318,  1056.27,  626.12
1319,  1051.69,  617.23
1320,  1047.11,  608.34
1321,  1042.53,  599.45
1322,  1037.95,  590.56
1323,  1033.37,  581.67
1324,  1028.79,  572.79
1325,  1024.20,  563.90
1326,  1019.62,  555.01
1327,  1015.04,  546.12
1328,  1010.46,  537.23
1329,  1005.88,  528.34
1330,  1001.30,  519.45
1331,  996.72,  510.56
1332,  992.14,  501.67
1333,  987.56,  492.78
1334,  982.98,  483.90
1335,  978.40,  475.01
1336,  973.82,  466.12
1337,  969.23,  457.23
1338,  964.65,  448.34
1339,  960.07,  439.45
1340,  955.49,  430.56
1341,  950.91,  421.67
1342,  946.33,  412.78
1343,  941.75,  403.89
1344,  937.17,  395.00
1345,  932.59,  386.12
1346,  928.01,  377.23
1347,  923.43,  368.34
1348,  918.84,  359.45
1349,  914.26,  350.56
1350,  909.68,  341.67
1351,  905.10,  332.78
1352,  900.52,  323.89
1353,  895.94,  315.00
1354,  891.36,  306.11
1355,  886.78,  297.22
1356,  882.20,  288.34
1357,  877.62,  279.45
1358,  873.04,  270.56
1359,  868.45,  261.67
1360,  863.87,  252.78
1361,  859.29,  243.89
1362,  854.71,  235.00
1363,  850.13,  226.11
1364,  845.55,  217.22
1365,  840.97,  208.33
1366,  836.39,  199.45
1367,  831.81,  190.56
1368,  827.23,  181.67
1369,  822.65,  172.78
1370,  818.06,  163.89
1371,  813.48,  155.00
1372,  808.90,  146.11
1373,  804.32,  137.22
1374,  799.74,  128.33
1375,  795.16,  119.44
1376,  790.58,  110.55
1377,  786.00,  101.67
1378,  781.42,  92.78
1379,  776.84,  83.89
1380,  772.26,  75.00
1381,  767.67,  66.11
1382,  763.09,  57.22
1383,  758.51,  48.33
1384,  753.93,  39.44
1385,  749.35,  30.55
1386,  744.77,  21.66
1387,  740.19,  12.78
1388,  735.61,  3.89
1389,  731.03,  12.78
1390,  726.45,  21.66
1391,  721.87,  30.55
1392,  717.28,  39.44
1393,  712.70,  48.33
1394,  708.12,  57.22
1395,  703.54,  66.11
1396,  698.96,  75.00
1397,  694.38,  83.89
1398,  689.80,  92.78
1399,  685.22,  101.67
1400,  680.64,  110.55
1401,  676.06,  119.44
1402,  671.48,  128.33
1403,  666.90,  137.22
1404,  662.31,  146.11
1405,  657.73,  155.00
1406,  653.15,  163.89
1407,  648.57,  172.78
1408,  643.99,  181.67
1409,  639.41,  190.56
1410,  634.83,  199.45
1411,  630.25,  208.33
1412,  625.67,  217.22
1413,  621.09,  226.11
1414,  616.51,  235.00
1415,  611.92,  243.89
1416,  607.34,  252.78
1417,  602.76,  261.67
1418,  598.18,  270.56
1419,  593.60,  279.45
1420,  589.02,  288.34
1421,  584.44,  297.22
1422,  579.86,  306.11
1423,  575.28,  315.00
1424,  570.70,  323.89
1425,  566.12,  332.78
1426,  561.53,  341.67
1427,  556.95,  350.56
1428,  552.37,  359.45
1429,  547.79,  368.34
1430,  543.21,  377.23
1431,  538.63,  386.12
1432,  534.05,  395.00
1433,  529.47,  403.89
1434,  524.89,  412.78
1435,  520.31,  421.67
1436,  515.73,  430.56
1437,  511.14,  439.45
1438,  506.56,  448.34
1439,  501.98,  457.23
1440,  497.40,  466.12
1441,  492.82,  475.01
1442,  488.24,  483.90
1443,  483.66,  492.78
1444,  479.08,  501.67
1445,  474.50,  510.56
1446,  469.92,  519.45
1447,  465.34,  528.34
1448,  460.75,  537.23
1449,  456.17,  546.12
1450,  451.59,  555.01
1451,  447.01,  563.90
1452,  442.43,  572.79
1453,  437.85,  581.67
1454,  433.27,  590.56
1455,  428.69,  599.45
1456,  424.11,  608.34
1457,  419.53,  617.23
1458,  414.95,  626.12
1459,  410.36,  635.01
1460,  405.78,  643.90
1461,  401.20,  652.79
1462,  396.62,  661.68
1463,  392.04,  670.57
1464,  387.46,  679.45
1465,  382.88,  688.34
1466,  378.30,  697.23
1467,  373.72,  706.12
1468,  369.14,  715.01
1469,  364.56,  723.90
1470,  359.98,  732.79
1471,  355.39,  741.68
1472,  350.81,  750.57
1473,  346.23,  759.46
1474,  341.65,  768.35
1475,  337.07,  777.23
1476,  332.49,  786.12
1477,  327.91,  795.01
1478,  323.33,  803.90
1479,  318.75,  812.79
1480,  314.17,  821.68
1481,  309.59,  830.57
1482,  305.00,  839.46
1483,  300.42,  848.35
1484,  295.84,  857.24
1485,  291.26,  866.12
1486,  286.68,  875.01
1487,  282.10,  866.12
1488,  277.52,  857.24
1489,  272.94,  848.35
1490,  268.36,  839.46
1491,  263.78,  830.57
1492,  259.20,  821.68
1493,  254.61,  812.79
1494,  250.03,  803.90
1495,  245.45,  795.01
1496,  240.87,  786.12
1497,  236.29,  777.23
1498,  231.71,  768.35
1499,  227.13,  759.46
1500,  222.55,  750.57
1501,  217.97,  741.68
1502,  213.39,  732.79
1503,  208.81,  723.90
1504,  204.22,  715.01
1505,  199.64,  706.12
1506,  195.06,  697.23
1507,  190.48,  688.34
1508,  185.90,  679.45
1509,  181.32,  670.57
1510,  176.74,  661.68
1511,  172.16,  652.79
1512,  167.58,  643.90
1513,  163.00,  635.01
1514,  158.42,  626.12
1515,  153.83,  617.23
1516,  149.25,  608.34
1517,  144.67,  599.45
1518,  140.09,  590.56
1519,  135.51,  581.67
1520,  130.93,  572.79
1521,  126.35,  563.90
1522,  121.77,  555.01
1523,  117.19,  546.12
1524,  112.61,  537.23
1525,  108.03,  528.34
1526,  103.45,  519.45
1527,  98.86,  510.56
1528,  94.28,  501.67
1529,  89.70,  492.78
1530,  85.12,  483.90
1531,  80.54,  475.01
1532,  75.96,  466.12
1533,  71.38,  457.23
1534,  66.80,  448.34
1535,  62.22,  439.45
1536,  57.64,  430.56
1537,  53.06,  421.67
1538,  48.47,  412.78
1539,  43.89,  403.89
1540,  39.31,  395.00
1541,  34.73,  386.12
1542,  30.15,  377.23
1543,  25.57,  368.34
1544,  20.99,  359.45
1545,  16.41,  350.56
1546,  11.83,  341.67
1547,  7.25,  332.78
1548,  11.83,  323.89
1549,  16.41,  315.00
1550,  20.99,  306.11
1551,  25.57,  297.22
1552,  30.15,  288.34
1553,  34.73,  279.45
1554,  39.31,  270.56
1555,  43.89,  261.67
1556,  48.47,  252.78
1557,  53.06,  243.89
1558,  57.64,  235.00
1559,  62.22,  226.11
1560,  66.80,  217.22
1561,  71.38,  208.33
1562,  75.96,  199.45
1563,  80.54,  190.56
1564,  85.12,  181.67
1565,  89.70,  172.78
1566,  94.28,  163.89
1567,  98.86,  155.00
1568,  103.45,  146.11
1569,  108.03,  137.22
1570,  112.61,  128.33
1571,  117.19,  119.44
1572,  121.77,  110.55
1573,  126.35,  101.67
1574,  130.93,  92.78
1575,  135.51,  83.89
1576,  140.09,  75.00
1577,  144.67,  66.11
1578,  149.25,  57.22
1579,  153.83,  48.33
1580,  158.42,  39.44
1581,  163.00,  30.55
1582,  167.58,  21.66
1583,  172.16,  12.78
1584,  176.74,  3.89
1585,  181.32,  12.78
1586,  185.90,  21.66
1587,  190.48,  30.55
1588,  195.06,  39.44
1589,  199.64,  48.33
1590,  204.22,  57.22
1591,  208.81,  66.11
1592,  213.39,  75.00
1593,  217.97,  83.89
1594,  222.55,  92.78
1595,  227.13,  101.67
1596,  231.71,  110.55
1597,  236.29,  119.44
1598,  240.87,  128.33
1599,  245.45,  137.22
1600,  250.03,  146.11
1601,  254.61,  155.00
1602,  259.20,  163.89
1603,  263.78,  172.78
1604,  268.36,  181.67
1605,  272.94,  190.56
1606,  277.52,  199.45
1607,  282.10,  208.33
1608,  286.68,  217.22
1609,  291.26,  226.11
1610,  295.84,  235.00
1611,  300.42,  243.89
1612,  305.00,  252.78
1613,  309.59,  261.67
1614,  314.17,  270.56
1615,  318.75,  279.45
1616,  323.33,  288.34
1617,  327.91,  297.22
1618,  332.49,  306.11
1619,  337.07,  315.00
1620,  341.65,  323.89
1621,  346.23,  332.78
1622,  350.81,  341.67
1623,  355.39,  350.56
1624,  359.98,  359.45
1625,  364.56,  368.34
1626,  369.14,  377.23
1627,  373.72,  386.12
1628,  378.30,  395.00
1629,  382.88,  403.89
1630,  387.46,  412.78
1631,  392.04,  421.67
1632,  396.62,  430.56
1633,  401.20,  439.45
1634,  405.78,  448.34
1635,  410.36,  457.23
1636,  414.95,  466.12
1637,  419.53,  475.01
1638,  424.11,  483.90
1639,  428.69,  492.78
1640,  433.27,  501.67
1641,  437.85,  510.56
1642,  442.43,  519.45
1643,  447.01,  528.34
1644,  451.59,  537.23
1645,  456.17,  546.12
1646,  460.75,  555.01
1647,  465.34,  563.90
1648,  469.92,  572.79
1649,  474.50,  581.67
1650,  479.08,  590.56
1651,  483.66,  599.45
1652,  488.24,  608.34
1653,  492.82,  617.23
1654,  497.40,  626.12
1655,  501.98,  635.01
1656,  506.56,  643.90
1657,  511.14,  652.79
1658,  515.73,  661.68
1659,  520.31,  670.57
1660,  524.89,  679.45
1661,  529.47,  688.34
1662,  534.05,  697.23
1663,  538.63,  706.12
1664,  543.21,  715.01
1665,  547.79,  723.90
1666,  552.37,  732.79
1667,  556.95,  741.68
1668,  561.53,  750.57
1669,  566.12,  759.46
1670,  570.70,  768.35
1671,  575.28,  777.23
1672,  579.86,  786.12
1673,  584.44,  795.01
1674,  589.02,  803.90
1675,  593.60,  812.79
1676,  598.18,  821.68
1677,  602.76,  830.57
1678,  607.34,  839.46
1679,  611.92,  848.35
1680,  616.51,  857.24
1681,  621.09,  866.12
1682,  625.67,  875.01
1683,  630.25,  866.12
1684,  634.83,  857.24
1685,  639.41,  848.35
1686,  643.99,  839.46
1687,  648.57,  830.57
1688,  653.15,  821.68
1689,  657.73,  812.79
1690,  662.31,  803.90
1691,  666.90,  795.01
1692,  671.48,  786.12
1693,  676.06,  777.23
1694,  680.64,  768.35
1695,  685.22,  759.46
1696,  689.80,  750.57
1697,  694.38,  741.68
1698,  698.96,  732.79
1699,  703.54,  723.90
1700,  708.12,  715.01
1701,  712.70,  706.12
1702,  717.28,  697.23
1703,  721.87,  688.34
1704,  726.45,  679.45
1705,  731.03,  670.57
1706,  735.61,  661.68
1707,  740.19,  652.79
1708,  744.77,  643.90
1709,  749.35,  635.01
1710,  753.93,  626.12
1711,  758.51,  617.23
1712,  763.09,  608.34
1713,  767.67,  599.45
1714,  772.26,  590.56
1715,  776.84,  581.67
1716,  781.42,  572.79
1717,  786.00,  563.90
1718,  790.58,  555.01
1719,  795.16,  546.12
1720,  799.74,  537.23
1721,  804.32,  528.34
1722,  808.90,  519.45
1723,  813.48,  510.56
1724,  818.06,  501.67
1725,  822.65,  492.78
1726,  827.23,  483.90
1727,  831.81,  475.01
1728,  836.39,  466.12
1729,  840.97,  457.23
1730,  845.55,  448.34
1731,  850.13,  439.45
1732,  854.71,  430.56
1733,  859.29,  421.67
1734,  863.87,  412.78
1735,  868.45,  403.89
1736,  873.04,  395.00
1737,  877.62,  386.12
1738,  882.20,  377.23
1739,  886.78,  368.34
1740,  891.36,  359.45
1741,  895.94,  350.56
1742,  900.52,  341.67
1743,  905.10,  332.78
1744,  909.68,  323.89
1745,  914.26,  315.00
1746,  918.84,  306.11
1747,  923.43,  297.22
1748,  928.01,  288.34
1749,  932.59,  279.45
1750,  937.17,  270.56
1751,  941.75,  261.67
1752,  946.33,  252.78
1753,  950.91,  243.89
1754,  955.49,  235.00
1755,  960.07,  226.11
1756,  964.65,  217.22
1757,  969.23,  208.33
1758,  973.82,  199.45
1759,  978.40,  190.56
1760,  982.98,  181.67
1761,  987.56,  172.78
1762,  992.14,  163.89
1763,  996.72,  155.00
1764,  1001.30,  146.11
1765,  1005.88,  137.22
1766,  1010.46,  128.33
1767,  1015.04,  119.44
1768,  1019.62,  110.55
1769,  1024.20,  101.67
1770,  1028.79,  92.78
1771,  1033.37,  83.89
1772,  1037.95,  75.00
1773,  1042.53,  66.11
1774,  1047.11,  57.22
1775,  1051.69,  48.33
1776,  1056.27,  39.44
1777,  1060.85,  30.55
1778,  1065.43,  21.66
1779,  1070.01,  12.78
1780,  1074.59,  3.89
1781,  1079.18,  12.78
1782,  1083.76,  21.66
1783,  1088.34,  30.55
1784,  1092.92,  39.44
1785,  1097.50,  48.33
1786,  1102.08,  57.22
1787,  1106.66,  66.11
1788,  1111.24,  75.00
1789,  1115.82,  83.89
1790,  1120.40,  92.78
1791,  1124.98,  101.67
1792,  1129.57,  110.55
1793,  1134.15,  119.44
1794,  1138.73,  128.33
1795,  1143.31,  137.22
1796,  1147.89,  146.11
1797,  1152.47,  155.00
1798,  1157.05,  163.89
1799,  1161.63,  172.78
1800,  1166.21,  181.67
1801,  1170.79,  190.56
1802,  1175.37,  199.45
1803,  1179.96,  208.33
1804,  1184.54,  217.22
1805,  1189.12,  226.11
1806,  1193.70,  235.00
1807,  1198.28,  243.89
1808,  1202.86,  252.78
1809,  1207.44,  261.67
1810,  1212.02,  270.56
1811,  1216.60,  279.45
1812,  1221.18,  288.34
1813,  1225.76,  297.22
1814,  1230.35,  306.11
1815,  1234.93,  315.00
1816,  1239.51,  323.89
1817,  1244.09,  332.78
1818,  1248.67,  341.67
1819,  1253.25,  350.56
1820,  1257.83,  359.45
1821,  1262.41,  368.34
1822,  1266.99,  377.23
1823,  1271.57,  386.12
1824,  1276.15,  395.00
1825,  1280.73,  403.89
1826,  1285.32,  412.78
1827,  1289.90,  421.67
1828,  1294.48,  430.56
1829,  1299.06,  439.45
1830,  1303.64,  448.34
1831,  1308.22,  457.23
1832,  1312.80,  466.12
1833,  1317.38,  475.01
1834,  1321.96,  483.90
1835,  1326.54,  492.78
1836,  1331.12,  501.67
1837,  1335.71,  510.56
1838,  1340.29,  519.45
1839,  1344.87,  528.34
1840,  1349.45,  537.23
1841,  1354.03,  546.12
1842,  1358.61,  555.01
1843,  1363.19,  563.90
1844,  1367.77,  572.79
1845,  1372.35,  581.67
1846,  1376.93,  590.56
1847,  1381.51,  599.45
1848,  1386.10,  608.34
1849,  1390.68,  617.23
1850,  1395.26,  626.12
1851,  1399.84,  635.01
1852,  1404.42,  643.90
1853,  1409.00,  652.79
1854,  1413.58,  661.68
1855,  1418.16,  670.57
1856,  1422.74,  679.45
1857,  1418.16,  688.34
1858,  1413.58,  697.23
1859,  1409.00,  706.12
1860,  1404.42,  715.01
1861,  1399.84,  723.90
1862,  1395.26,  732.79
1863,  1390.68,  741.68
1864,  1386.10,  750.57
1865,  1381.51,  759.46
1866,  1376.93,  768.35
1867,  1372.35,  777.23
1868,  1367.77,  786.12
1869,  1363.19,  795.01
1870,  1358.61,  803.90
1871,  1354.03,  812.79
1872,  1349.45,  821.68
1873,  1344.87,  830.57
1874,  1340.29,  839.46
1875,  1335.71,  848.35
1876,  1331.12,  857.24
1877,  1326.54,  866.12
1878,  1321.96,  875.01
1879,  1317.38,  866.12
1880,  1312.80,  857.24
1881,  1308.22,  848.35
1882,  1303.64,  839.46
1883,  1299.06,  830.57
1884,  1294.48,  821.68
1885,  1289.90,  812.79
1886,  1285.32,  803.90
1887,  1280.73,  795.01
1888,  1276.15,  786.12
1889,  1271.57,  777.23
1890,  1266.99,  768.35
1891,  1262.41,  759.46
1892,  1257.83,  750.57
1893,  1253.25,  741.68
1894,  1248.67,  732.79
1895,  1244.09,  723.90
1896,  1239.51,  715.01
1897,  1234.93,  706.12
1898,  1230.35,  697.23
1899,  1225.76,  688.34
1900,  1221.18,  679.45
1901,  1216.60,  670.57
1902,  1212.02,  661.68
1903,  1207.44,  652.79
1904,  1202.86,  643.90
1905,  1198.28,  635.01
1906,  1193.70,  626.12
1907,  1189.12,  617.23
1908,  1184.54,  608.34
1909,  1179.96,  599.45
1910,  1175.37,  590.56
1911,  1170.79,  581.67
1912,  1166.21,  572.79
1913,  1161.63,  563.90
1914,  1157.05,  555.01
1915,  1152.47,  546.12
1916,  1147.89,  537.23
1917,  1143.31,  528.34
1918,  1138.73,  519.45
1919,  1134.15,  510.56
1920,  1129.57,  501.67
1921,  1124.98,  492.78
1922,  1120.40,  483.90
1923,  1115.82,  475.01
1924,  1111.24,  466.12
1925,  1106.66,  457.23
1926,  1102.08,  448.34
1927,  1097.50,  439.45
1928,  1092.92,  430.56
1929,  1088.34,  421.67
1930,  1083.76,  412.78
1931,  1079.18,  403.89
1932,  1074.59,  395.00
1933,  1070.01,  386.12
1934,  1065.43,  377.23
1935,  1060.85,  368.34
1936,  1056.27,  359.45
1937,  1051.69,  350.56
1938,  1047.11,  341.67
1939,  1042.53,  332.78
1940,  1037.95,  323.89
1941,  1033.37,  315.00
1942,  1028.79,  306.11
1943,  1024.20,  297.22
1944,  1019.62,  288.34
1945,  1015.04,  279.45
1946,  1010.46,  270.56
1947,  1005.88,  261.67
1948,  1001.30,  252.78
1949,  996.72,  243.89
1950,  992.14,  235.00
1951,  987.56,  226.11
1952,  982.98,  217.22
1953,  978.40,  208.33
1954,  973.82,  199.45
1955,  969.23,  190.56
1956,  964.65,  181.67
1957,  960.07,  172.78
1958,  955.49,  163.89
1959,  950.91,  155.00
1960,  946.33,  146.11
1961,  941.75,  137.22
1962,  937.17,  128.33
1963,  932.59,  119.44
1964,  928.01,  110.55
1965,  923.43,  101.67
1966,  918.84,  92.78
1967,  914.26,  83.89
1968,  909.68,  75.00
1969,  905.10,  66.11
1970,  900.52,  57.22
1971,  895.94,  48.33
1972,  891.36,  39.44
1973,  886.78,  30.55
1974,  882.20,  21.66
1975,  877.62,  12.78
1976,  873.04,  3.89
1977,  868.45,  12.78
1978,  863.87,  21.66
1979,  859.29,  30.55
1980,  854.71,  39.44
1981,  850.13,  48.33
1982,  845.55,  57.22
1983,  840.97,  66.11
1984,  836.39,  75.00
1985,  831.81,  83.89
1986,  827.23,  92.78
1987,  822.65,  101.67
1988,  818.06,  110.55
1989,  813.48,  119.44
1990,  808.90,  128.33
1991,  804.32,  137.22
1992,  799.74,  146.11
1993,  795.16,  155.00
1994,  790.58,  163.89
1995,  786.00,  172.78
1996,  781.42,  181.67
1997,  776.84,  190.56
1998,  772.26,  199.45
1999,  767.67,  208.33
2000,  763.09,  217.22
2001,  758.51,  226.11
2002,  753.93,  235.00
2003,  749.35,  243.89
2004,  744.77,  252.78
2005,  740.19,  261.67
2006,  735.61,  270.56
2007,  731.03,  279.45
2008,  726.45,  288.34
2009,  721.87,  297.22
2010,  717.28,  306.11
2011,  712.70,  315.00
2012,  708.12,  323.89
2013,  703.54,  332.78
2014,  698.96,  341.67
2015,  694.38,  350.56
2016,  689.80,  359.45
2017,  685.22,  368.34
2018,  680.64,  377.23
2019,  676.06,  386.12
2020,  671.48,  395.00
2021,  666.90,  403.89
2022,  662.31,  412.78
2023,  657.73,  421.67
2024,  653.15,  430.56
2025,  648.57,  439.45
2026,  643.99,  448.34
2027,  639.41,  457.23
2028,  634.83,  466.12
2029,  630.25,  475.01
2030,  625.67,  483.90
2031,  621.09,  492.78
2032,  616.51,  501.67
2033,  611.92,  510.56
2034,  607.34,  519.45
2035,  602.76,  528.34
2036,  598.18,  537.23
2037,  593.60,  546.12
2038,  589.02,  555.01
2039,  584.44,  563.90
2040,  579.86,  572.79
2041,  575.28,  581.67
2042,  570.70,  590.56
2043,  566.12,  599.45
2044,  561.53,  608.34
2045,  556.95,  617.23
2046,  552.37,  626.12
2047,  547.79,  635.01
2048,  543.21,  643.90
2049,  538.63,  652.79
2050,  534.05,  661.68
2051,  529.47,  670.57
2052,  524.89,  679.45
2053,  520.31,  688.34
2054,  515.73,  697.23
2055,  511.14,  706.12
2056,  506.56,  715.01
2057,  501.98,  723.90
2058,  497.40,  732.79
2059,  492.82,  741.68
2060,  488.24,  750.57
2061,  483.66,  759.46
2062,  479.08,  768.35
2063,  474.50,  777.23
2064,  469.92,  786.12
2065,  465.34,  795.01
2066,  460.75,  803.90
2067,  456.17,  812.79
2068,  451.59,  821.68
2069,  447.01,  830.57
2070,  442.43,  839.46
2071,  437.85,  848.35
2072,  433.27,  857.24
2073,  428.69,  866.12
2074,  424.11,  875.01
2075,  419.53,  866.12
2076,  414.95,  857.24
2077,  410.36,  848.35
2078,  405.78,  839.46
2079,  401.20,  830.57
2080,  396.62,  821.68
2081,  392.04,  812.79
2082,  387.46,  803.90
2083,  382.88,  795.01
2084,  378.30,  786.12
2085,  373.72,  777.23
2086,  369.14,  768.35
2087,  364.56,  759.46
2088,  359.98,  750.57
2089,  355.39,  741.68
2090,  350.81,  732.79
2091,  346.23,  723.90
2092,  341.65,  715.01
2093,  337.07,  706.12
2094,  332.49,  697.23
2095,  327.91,  688.34
2096,  323.33,  679.45
2097,  318.75,  670.57
2098,  314.17,  661.68
2099,  309.59,  652.79
2100,  305.00,  643.90
2101,  300.42,  635.01
2102,  295.84,  626.12
2103,  291.26,  617.23
2104,  286.68,  608.34
2105,  282.10,  599.45
2106,  277.52,  590.56
2107,  272.94,  581.67
2108,  268.36,  572.79
2109,  263.78,  563.90
2110,  259.20,  555.01
2111,  254.61,  546.12
2112,  250.03,  537.23
2113,  245.45,  528.34
2114,  240.87,  519.45
2115,  236.29,  510.56
2116,  231.71,  501.67
2117,  227.13,  492.78
2118,  222.55,  483.90
2119,  217.97,  475.01
2120,  213.39,  466.12
2121,  208.81,  457.23
2122,  204.22,  448.34
2123,  199.64,  439.45
2124,  195.06,  430.56
2125,  190.48,  421.67
2126,  185.90,  412.78
2127,  181.32,  403.89
2128,  176.74,  395.00
2129,  172.16,  386.12
2130,  167.58,  377.23
2131,  163.00,  368.34
2132,  158.42,  359.45
2133,  153.83,  350.56
2134,  149.25,  341.67
2135,  144.67,  332.78
2136,  140.09,  323.89
2137,  135.51,  315.00
2138,  130.93,  306.11
2139,  126.35,  297.22
2140,  121.77,  288.34
2141,  117.19,  279.45
2142,  112.61,  270.56
2143,  108.03,  261.67
2144,  103.45,  252.78
2145,  98.86,  243.89
2146,  94.28,  235.00
2147,  89.70,  226.11
2148,  85.12,  217.22
2149,  80.54,  208.33
2150,  75.96,  199.45
2151,  71.38,  190.56
2152,  66.80,  181.67
2153,  62.22,  172.78
2154,  57.64,  163.89
2155,  53.06,  155.00
2156,  48.47,  146.11
2157,  43.89,  137.22
2158,  39.31,  128.33
2159,  34.73,  119.44
2160,  30.15,  110.55
2161,  25.57,  101.67
2162,  20.99,  92.78
2163,  16.41,  83.89
2164,  11.83,  75.00
2165,  7.25,  66.11
2166,  11.83,  57.22
2167,  16.41,  48.33
2168,  20.99,  39.44
2169,  25.57,  30.55
2170,  30.15,  21.66
2171,  34.73,  12.78
2172,  39.31,  3.89
2173,  43.89,  12.78
2174,  48.47,  21.66
2175,  53.06,  30.55
2176,  57.64,  39.44
2177,  62.22,  48.33
2178,  66.80,  57.22
2179,  71.38,  66.11
2180,  75.96,  75.00
2181,  80.54,  83.89
2182,  85.12,  92.78
2183,  89.70,  101.67
2184,  94.28,  110.55
2185,  98.86,  119.44
2186,  103.45,  128.33
2187,  108.03,  137.22
2188,  112.61,  146.11
2189,  117.19,  155.00
2190,  121.77,  163.89
2191,  126.35,  172.78
2192,  130.93,  181.67
2193,  135.51,  190.56
2194,  140.09,  199.45
2195,  144.67,  208.33
2196,  149.25,  217.22
2197,  153.83,  226.11
2198,  158.42,  235.00
2199,  163.00,  243.89
2200,  167.58,  252.78
2201,  172.16,  261.67
2202,  176.74,  270.56
2203,  181.32,  279.45
2204,  185.90,  288.34
2205,  190.48,  297.22
2206,  195.06,  306.11
2207,  199.64,  315.00
2208,  204.22,  323.89
2209,  208.81,  332.78
2210,  213.39,  341.67
2211,  217.97,  350.56
2212,  222.55,  359.45
2213,  227.13,  368.34
2214,  231.71,  377.23
2215,  236.29,  386.12
2216,  240.87,  395.00
2217,  245.45,  403.89
2218,  250.03,  412.78
2219,  254.61,  421.67
2220,  259.20,  430.56
2221,  263.78,  439.45
2222,  268.36,  448.34
2223,  272.94,  457.23
2224,  277.52,  466.12
2225,  282.10,  475.01
2226,  286.68,  483.90
2227,  291.26,  492.78
2228,  295.84,  501.67
2229,  300.42,  510.56
2230,  305.00,  519.45
2231,  309.59,  528.34
2232,  314.17,  537.23
2233,  318.75,  546.12
2234,  323.33,  555.01
2235,  327.91,  563.90
2236,  332.49,  572.79
2237,  337.07,  581.67
2238,  341.65,  590.56
2239,  346.23,  599.45
2240,  350.81,  608.34
2241,  355.39,  617.23
2242,  359.98,  626.12
2243,  364.56,  635.01
2244,  369.14,  643.90
2245,  373.72,  652.79
2246,  378.30,  661.68
2247,  382.88,  670.57
2248,  387.46,  679.45
2249,  392.04,  688.34
2250,  396.62,  697.23
2251,  401.20,  706.12
2252,  405.78,  715.01
2253,  410.36,  723.90
2254,  414.95,  732.79
2255,  419.53,  741.68
2256,  424.11,  750.57
2257,  428.69,  759.46
2258,  433.27,  768.35
2259,  437.85,  777.23
2260,  442.43,  786.12
2261,  447.01,  795.01
2262,  451.59,  803.90
2263,  456.17,  812.79
2264,  460.75,  821.68
2265,  465.34,  830.57
2266,  469.92,  839.46
2267,  474.50,  848.35
2268,  479.08,  857.24
2269,  483.66,  866.12
2270,  488.24,  875.01
2271,  492.82,  866.12
2272,  497.40,  857.24
2273,  501.98,  848.35
2274,  506.56,  839.46
2275,  511.14,  830.57
2276,  515.73,  821.68
2277,  520.31,  812.79
2278,  524.89,  803.90
2279,  529.47,  795.01
2280,  534.05,  786.12
2281,  538.63,  777.23
2282,  543.21,  768.35
2283,  547.79,  759.46
2284,  552.37,  750.57
2285,  556.95,  741.68
2286,  561.53,  732.79
2287,  566.12,  723.90
2288,  570.70,  715.01
2289,  575.28,  706.12
2290,  579.86,  697.23
2291,  584.44,  688.34
2292,  589.02,  679.45
2293,  593.60,  670.57
2294,  598.18,  661.68
2295,  602.76,  652.79
2296,  607.34,  643.90
2297,  611.92,  635.01
2298,  616.51,  626.12
2299,  621.09,  617.23
2300,  625.67,  608.34
2301,  630.25,  599.45
2302,  634.83,  590.56
2303,  639.41,  581.67
2304,  643.99,  572.79
2305,  648.57,  563.90
2306,  653.15,  555.01
2307,  657.73,  546.12
2308,  662.31,  537.23
2309,  666.90,  528.34
2310,  671.48,  519.45
2311,  676.06,  510.56
2312,  680.64,  501.67
2313,  685.22,  492.78
2314,  689.80,  483.90
2315,  694.38,  475.01
2316,  698.96,  466.12
2317,  703.54,  457.23
2318,  708.12,  448.34
2319,  712.70,  439.45
2320,  717.28,  430.56
2321,  721.87,  421.67
2322,  726.45,  412.78
2323,  731.03,  403.89
2324,  735.61,  395.00
2325,  740.19,  386.12
2326,  744.77,  377.23
2327,  749.35,  368.34
2328,  753.93,  359.45
2329,  758.51,  350.56
2330,  763.09,  341.67
2331,  767.67,  332.78
2332,  772.26,  323.89
2333,  776.84,  315.00
2334,  781.42,  306.11
2335,  786.00,  297.22
2336,  790.58,  288.34
2337,  795.16,  279.45
2338,  799.74,  270.56
2339,  804.32,  261.67
2340,  808.90,  252.78
2341,  813.48,  243.89
2342,  818.06,  235.00
2343,  822.65,  226.11
2344,  827.23,  217.22
2345,  831.81,  208.33
2346,  836.39,  199.45
2347,  840.97,  190.56
2348,  845.55,  181.67
2349,  850.13,  172.78
2350,  854.71,  163.89
2351,  859.29,  155.00
2352,  863.87,  146.11
2353,  868.45,  137.22
2354,  873.04,  128.33
2355,  877.62,  119.44
2356,  882.20,  110.55
2357,  886.78,  101.67
2358,  891.36,  92.78
2359,  895.94,  83.89
2360,  900.52,  75.00
2361,  905.10,  66.11
2362,  909.68,  57.22
2363,  914.26,  48.33
2364,  918.84,  39.44
2365,  923.43,  30.55
2366,  928.01,  21.66
2367,  932.59,  12.78
2368,  937.17,  3.89
2369,  941.75,  12.78
2370,  946.33,  21.66
2371,  950.91,  30.55
2372,  955.49,  39.44
2373,  960.07,  48.33
2374,  964.65,  57.22
2375,  969.23,  66.11
2376,  973.82,  75.00
2377,  978.40,  83.89
2378,  982.98,  92.78
2379,  987.56,  101.67
2380,  992.14,  110.55
2381,  996.72,  119.44
2382,  1001.30,  128.33
2383,  1005.88,  137.22
2384,  1010.46,  146.11
2385,  1015.04,  155.00
2386,  1019.62,  163.89
2387,  1024.20,  172.78
2388,  1028.79,  181.67
2389,  1033.37,  190.56
2390,  1037.95,  199.45
2391,  1042.53,  208.33
2392,  1047.11,  217.22
2393,  1051.69,  226.11
2394,  1056.27,  235.00
2395,  1060.85,  243.89
2396,  1065.43,  252.78
2397,  1070.01,  261.67
2398,  1074.59,  270.56
2399,  1079.18,  279.45
2400,  1083.76,  288.34
2401,  1088.34,  297.22
2402,  1092.92,  306.11
2403,  1097.50,  315.00
2404,  1102.08,  323.89
2405,  1106.66,  332.78
2406,  1111.24,  341.67
2407,  1115.82,  350.56
2408,  1120.40,  359.45
2409,  1124.98,  368.34
2410,  1129.57,  377.23
2411,  1134.15,  386.12
2412,  1138.73,  395.00
2413,  1143.31,  403.89
2414,  1147.89,  412.78
2415,  1152.47,  421.67
2416,  1157.05,  430.56
2417,  1161.63,  439.45
2418,  1166.21,  448.34
2419,  1170.79,  457.23
2420,  1175.37,  466.12
2421,  1179.96,  475.01
2422,  1184.54,  483.90
2423,  1189.12,  492.78
2424,  1193.70,  501.67
2425,  1198.28,  510.56
2426,  1202.86,  519.45
2427,  1207.44,  528.34
2428,  1212.02,  537.23
2429,  1216.60,  546.12
2430,  1221.18,  555.01
2431,  1225.76,  563.90
2432,  1230.35,  572.79
2433,  1234.93,  581.67
2434,  1239.51,  590.56
2435,  1244.09,  599.45
2436,  1248.67,  608.34
2437,  1253.25,  617.23
2438,  1257.83,  626.12
2439,  1262.41,  635.01
2440,  1266.99,  643.90
2441,  1271.57,  652.79
2442,  1276.15,  661.68
2443,  1280.73,  670.57
2444,  1285.32,  679.45
2445,  1289.90,  688.34
2446,  1294.48,  697.23
2447,  1299.06,  706.12
2448,  1303.64,  715.01
2449,  1308.22,  723.90
2450,  1312.80,  732.79
2451,  1317.38,  741.68
2452,  1321.96,  750.57
2453,  1326.54,  759.46
2454,  1331.12,  768.35
2455,  1335.71,  777.23
2456,  1340.29,  786.12
2457,  1344.87,  795.01
2458,  1349.45,  803.90
2459,  1354.03,  812.79
2460,  1358.61,  821.68
2461,  1363.19,  830.57
2462,  1367.77,  839.46
2463,  1372.35,  848.35
2464,  1376.93,  857.24
2465,  1381.51,  866.12
2466,  1386.10,  875.01
2467,  1390.68,  866.12
2468,  1395.26,  857.24
2469,  1399.84,  848.35
2470,  1404.42,  839.46
2471,  1409.00,  830.57
2472,  1413.58,  821.68
2473,  1418.16,  812.79
2474,  1422.74,  803.90
2475,  1418.16,  795.01
2476,  1413.58,  786.12
2477,  1409.00,  777.23
2478,  1404.42,  768.35
2479,  1399.84,  759.46
2480,  1395.26,  750.57
2481,  1390.68,  741.68
2482,  1386.10,  732.79
2483,  1381.51,  723.90
2484,  1376.93,  715.01
2485,  1372.35,  706.12
2486,  1367.77,  697.23
2487,  1363.19,  688.34
2488,  1358.61,  679.45
