frame, x, y
0,  1245.97,  578.71
1,  1255.95,  579.42
2,  1265.92,  580.13
3,  1275.90,  580.83
4,  1285.87,  581.54
5,  1295.85,  582.25
6,  1305.82,  582.96
7,  1315.80,  583.67
8,  1325.77,  584.38
9,  1335.75,  585.09
10,  1345.72,  585.80
11,  1355.70,  586.50
12,  1365.67,  587.21
13,  1375.65,  587.92
14,  1385.62,  588.63
15,  1395.60,  589.34
16,  1405.57,  590.05
17,  1415.55,  590.76
18,  1425.52,  591.47
19,  1415.55,  592.17
20,  1405.57,  592.88
21,  1395.60,  593.59
22,  1385.62,  594.30
23,  1375.65,  595.01
24,  1365.67,  595.72
25,  1355.70,  596.43
26,  1345.72,  597.14
27,  1335.75,  597.84
28,  1325.77,  598.55
29,  1315.80,  599.26
30,  1305.82,  599.97
31,  1295.85,  600.68
32,  1285.87,  601.39
33,  1275.90,  602.10
34,  1265.92,  602.81
35,  1255.95,  603.51
36,  1245.97,  604.22
37,  1236.00,  604.93
38,  1226.03,  605.64
39,  1216.05,  606.35
40,  1206.08,  607.06
41,  1196.10,  607.77
42,  1186.13,  608.48
43,  1176.15,  609.18
44,  1166.18,  609.89
45,  1156.20,  610.60
46,  1146.23,  611.31
47,  1136.25,  612.02
48,  1126.28,  612.73
49,  1116.30,  613.44
50,  1106.33,  614.15
51,  1096.35,  614.85
52,  1086.38,  615.56
53,  1076.40,  616.27
54,  1066.43,  616.98
55,  1056.45,  617.69
56,  1046.48,  618.40
57,  1036.50,  619.11
58,  1026.53,  619.81
59,  1016.55,  620.52
60,  1006.58,  621.23
61,  996.60,  621.94
62,  986.63,  622.65
63,  976.65,  623.36
64,  966.68,  624.07
65,  956.70,  624.78
66,  946.73,  625.48
67,  936.75,  626.19
68,  926.78,  626.90
69,  916.80,  627.61
70,  906.83,  628.32
71,  896.85,  629.03
72,  886.88,  629.74
73,  876.91,  630.45
74,  866.93,  631.15
75,  856.96,  631.86
76,  846.98,  632.57
77,  837.01,  633.28
78,  827.03,  633.99
79,  817.06,  634.70
80,  807.08,  635.41
81,  797.11,  636.12
82,  787.13,  636.82
83,  777.16,  637.53
84,  767.18,  638.24
85,  757.21,  638.95
86,  747.23,  639.66
87,  737.26,  640.37
88,  727.28,  641.08
89,  717.31,  641.79
90,  707.33,  642.49
91,  697.36,  643.20
92,  687.38,  643.91
93,  677.41,  644.62
94,  667.43,  645.33
95,  657.46,  646.04
96,  647.48,  646.75
97,  637.51,  647.46
98,  627.53,  648.16
99,  617.56,  648.87
100,  607.58,  649.58
101,  597.61,  650.29
102,  587.63,  651.00
103,  577.66,  651.71
104,  567.68,  652.42
105,  557.71,  653.13
106,  547.74,  653.83
107,  537.76,  654.54
108,  527.79,  655.25
109,  517.81,  655.96
110,  507.84,  656.67
111,  497.86,  657.38
112,  487.89,  658.09
113,  477.91,  658.79
114,  467.94,  659.50
115,  457.96,  660.21
116,  447.99,  660.92
117,  438.01,  661.63
118,  428.04,  662.34
119,  418.06,  663.05
120,  408.09,  663.76
121,  398.11,  664.46
122,  388.14,  665.17
123,  378.16,  665.88
124,  368.19,  666.59
125,  358.21,  667.30
126,  348.24,  668.01
127,  338.26,  668.72
128,  328.29,  669.43
129,  318.31,  670.13
130,  308.34,  670.84
131,  298.36,  671.55
132,  288.39,  672.26
133,  278.41,  672.97
134,  268.44,  673.68
135,  258.46,  674.39
136,  248.49,  675.10
137,  238.51,  675.80
138,  228.54,  676.51
139,  218.56,  677.22
140,  208.59,  677.93
141,  198.62,  678.64
142,  188.64,  679.35
143,  178.67,  680.06
144,  168.69,  680.77
145,  158.72,  681.47
146,  148.74,  682.18
147,  138.77,  682.89
148,  128.79,  683.60
149,  118.82,  684.31
150,  108.84,  685.02
151,  98.87,  685.73
152,  88.89,  686.44
153,  78.92,  687.14
154,  68.94,  687.85
155,  58.97,  688.56
156,  48.99,  689.27
157,  39.02,  689.98
158,  29.04,  690.69
159,  19.07,  691.40
160,  9.09,  692.11
161,  -0.88,  692.81
162,  9.09,  693.52
163,  19.07,  694.23
164,  29.04,  694.94
165,  39.02,  695.65
166,  48.99,  696.36
167,  58.97,  697.07
168,  68.94,  697.77
169,  78.92,  698.48
170,  88.89,  699.19
171,  98.87,  699.90
172,  108.84,  700.61
173,  118.82,  701.32
174,  128.79,  702.03
175,  138.77,  702.74
176,  148.74,  703.44
177,  158.72,  704.15
178,  168.69,  704.86
179,  178.67,  705.57
180,  188.64,  706.28
181,  198.62,  706.99
182,  208.59,  707.70
183,  218.56,  708.41
184,  228.54,  709.11
185,  238.51,  709.82
186,  248.49,  710.53
187,  258.46,  711.24
188,  268.44,  711.95
189,  278.41,  712.66
190,  288.39,  713.37
191,  298.36,  714.08
192,  308.34,  714.78
193,  318.31,  715.49
194,  328.29,  716.20
195,  338.26,  716.91
196,  348.24,  717.62
197,  358.21,  718.33
198,  368.19,  719.04
199,  378.16,  719.75
200,  388.14,  720.45
201,  398.11,  721.16
202,  408.09,  721.87
203,  418.06,  722.58
204,  428.04,  723.29
205,  438.01,  724.00
206,  447.99,  724.71
207,  457.96,  725.42
208,  467.94,  726.12
209,  477.91,  726.83
210,  487.89,  727.54
211,  497.86,  728.25
212,  507.84,  728.96
213,  517.81,  729.67
214,  527.79,  730.38
215,  537.76,  731.08
216,  547.74,  731.79
217,  557.71,  732.50
218,  567.68,  733.21
219,  577.66,  733.92
220,  587.63,  734.63
221,  597.61,  735.34
222,  607.58,  736.05
223,  617.56,  736.75
224,  627.53,  737.46
225,  637.51,  738.17
226,  647.48,  738.88
227,  657.46,  739.59
228,  667.43,  740.30
229,  677.41,  741.01
230,  687.38,  741.72
231,  697.36,  742.42
232,  707.33,  743.13
233,  717.31,  743.84
234,  727.28,  744.55
235,  737.26,  745.26
236,  747.23,  745.97
237,  757.21,  746.68
238,  767.18,  747.39
239,  777.16,  748.09
240,  787.13,  748.80
241,  797.11,  749.51
242,  807.08,  750.22
243,  817.06,  750.93
244,  827.03,  751.64
245,  837.01,  752.35
246,  846.98,  753.06
247,  856.96,  753.76
248,  866.93,  754.47
249,  876.91,  755.18
250,  886.88,  755.89
251,  896.85,  756.60
252,  906.83,  757.31
253,  916.80,  758.02
254,  926.78,  758.73
255,  936.75,  759.43
256,  946.73,  760.14
257,  956.70,  760.85
258,  966.68,  761.56
259,  976.65,  762.27
260,  986.63,  762.98
261,  996.60,  763.69
262,  1006.58,  764.40
263,  1016.55,  765.10
264,  1026.53,  765.81
265,  1036.50,  766.52
266,  1046.48,  767.23
267,  1056.45,  767.94
268,  1066.43,  768.65
269,  1076.40,  769.36
270,  1086.38,  770.06
271,  1096.35,  770.77
272,  1106.33,  771.48
273,  1116.30,  772.19
274,  1126.28,  772.90
275,  1136.25,  773.61
276,  1146.23,  774.32
277,  1156.20,  775.03
278,  1166.18,  775.73
279,  1176.15,  776.44
280,  1186.13,  777.15
281,  1196.10,  777.86
282,  1206.08,  778.57
283,  1216.05,  779.28
284,  1226.03,  779.99
285,  1236.00,  780.70
286,  1245.97,  781.40
287,  1255.95,  782.11
288,  1265.92,  782.82
289,  1275.90,  783.53
290,  1285.87,  784.24
291,  1295.85,  784.95
292,  1305.82,  785.66
293,  1315.80,  786.37
294,  1325.77,  787.07
295,  1335.75,  787.78
296,  1345.72,  788.49
297,  1355.70,  789.20
298,  1365.67,  789.91
299,  1375.65,  790.62
300,  1385.62,  791.33
301,  1395.60,  792.04
302,  1405.57,  792.74
303,  1415.55,  793.45
304,  1425.52,  794.16
305,  1415.55,  794.87
306,  1405.57,  795.58
307,  1395.60,  796.29
308,  1385.62,  797.00
309,  1375.65,  797.71
310,  1365.67,  798.41
311,  1355.70,  799.12
312,  1345.72,  799.83
313,  1335.75,  800.54
314,  1325.77,  801.25
315,  1315.80,  801.96
316,  1305.82,  802.67
317,  1295.85,  803.38
318,  1285.87,  804.08
319,  1275.90,  804.79
320,  1265.92,  805.50
321,  1255.95,  806.21
322,  1245.97,  806.92
323,  1236.00,  807.63
324,  1226.03,  808.34
325,  1216.05,  809.04
326,  1206.08,  809.75
327,  1196.10,  810.46
328,  1186.13,  811.17
329,  1176.15,  811.88
330,  1166.18,  812.59
331,  1156.20,  813.30
332,  1146.23,  814.01
333,  1136.25,  814.71
334,  1126.28,  815.42
335,  1116.30,  816.13
336,  1106.33,  816.84
337,  1096.35,  817.55
338,  1086.38,  818.26
339,  1076.40,  818.97
340,  1066.43,  819.68
341,  1056.45,  820.38
342,  1046.48,  821.09
343,  1036.50,  821.80
344,  1026.53,  822.51
345,  1016.55,  823.22
346,  1006.58,  823.93
347,  996.60,  824.64
348,  986.63,  825.35
349,  976.65,  826.05
350,  966.68,  826.76
351,  956.70,  827.47
352,  946.73,  828.18
353,  936.75,  828.89
354,  926.78,  829.60
355,  916.80,  830.31
356,  906.83,  831.02
357,  896.85,  831.72
358,  886.88,  832.43
359,  876.91,  833.14
360,  866.93,  833.85
361,  856.96,  834.56
362,  846.98,  835.27
363,  837.01,  835.98
364,  827.03,  836.69
365,  817.06,  837.39
366,  807.08,  838.10
367,  797.11,  838.81
368,  787.13,  839.52
369,  777.16,  840.23
370,  767.18,  840.94
371,  757.21,  841.65
372,  747.23,  842.36
373,  737.26,  843.06
374,  727.28,  843.77
375,  717.31,  844.48
376,  707.33,  845.19
377,  697.36,  845.90
378,  687.38,  846.61
379,  677.41,  847.32
380,  667.43,  848.02
381,  657.46,  848.73
382,  647.48,  849.44
383,  637.51,  850.15
384,  627.53,  850.86
385,  617.56,  851.57
386,  607.58,  852.28
387,  597.61,  852.99
388,  587.63,  853.69
389,  577.66,  854.40
390,  567.68,  855.11
391,  557.71,  855.82
392,  547.74,  856.53
393,  537.76,  857.24
394,  527.79,  857.95
395,  517.81,  858.66
396,  507.84,  859.36
397,  497.86,  860.07
398,  487.89,  860.78
399,  477.91,  861.49
400,  467.94,  862.20
401,  457.96,  862.91
402,  447.99,  863.62
403,  438.01,  864.33
404,  428.04,  865.03
405,  418.06,  865.74
406,  408.09,  866.45
407,  398.11,  867.16
408,  388.14,  867.87
409,  378.16,  868.58
410,  368.19,  869.29
411,  358.21,  870.00
412,  348.24,  870.70
413,  338.26,  871.41
414,  328.29,  872.12
415,  318.31,  871.41
416,  308.34,  870.70
417,  298.36,  870.00
418,  288.39,  869.29
419,  278.41,  868.58
420,  268.44,  867.87
421,  258.46,  867.16
422,  248.49,  866.45
423,  238.51,  865.74
424,  228.54,  865.03
425,  218.56,  864.33
426,  208.59,  863.62
427,  198.62,  862.91
428,  188.64,  862.20
429,  178.67,  861.49
430,  168.69,  860.78
431,  158.72,  860.07
432,  148.74,  859.36
433,  138.77,  858.66
434,  128.79,  857.95
435,  118.82,  857.24
436,  108.84,  856.53
437,  98.87,  855.82
438,  88.89,  855.11
439,  78.92,  854.40
440,  68.94,  853.69
441,  58.97,  852.99
442,  48.99,  852.28
443,  39.02,  851.57
444,  29.04,  850.86
445,  19.07,  850.15
446,  9.09,  849.44
447,  -0.88,  848.73
448,  9.09,  848.02
449,  19.07,  847.32
450,  29.04,  846.61
451,  39.02,  845.90
452,  48.99,  845.19
453,  58.97,  844.48
454,  68.94,  843.77
455,  78.92,  843.06
456,  88.89,  842.36
457,  98.87,  841.65
458,  108.84,  840.94
459,  118.82,  840.23
460,  128.79,  839.52
461,  138.77,  838.81
462,  148.74,  838.10
463,  158.72,  837.39
464,  168.69,  836.69
465,  178.67,  835.98
466,  188.64,  835.27
467,  198.62,  834.56
468,  208.59,  833.85
469,  218.56,  833.14
470,  228.54,  832.43
471,  238.51,  831.72
472,  248.49,  831.02
473,  258.46,  830.31
474,  268.44,  829.60
475,  278.41,  828.89
476,  288.39,  828.18
477,  298.36,  827.47
478,  308.34,  826.76
479,  318.31,  826.05
480,  328.29,  825.35
481,  338.26,  824.64
482,  348.24,  823.93
483,  358.21,  823.22
484,  368.19,  822.51
485,  378.16,  821.80
486,  388.14,  821.09
487,  398.11,  820.38
488,  408.09,  819.68
489,  418.06,  818.97
490,  428.04,  818.26
491,  438.01,  817.55
492,  447.99,  816.84
493,  457.96,  816.13
494,  467.94,  815.42
495,  477.91,  814.71
496,  487.89,  814.01
497,  497.86,  813.30
498,  507.84,  812.59
499,  517.81,  811.88
500,  527.79,  811.17
501,  537.76,  810.46
502,  547.74,  809.75
503,  557.71,  809.04
504,  567.68,  808.34
505,  577.66,  807.63
506,  587.63,  806.92
507,  597.61,  806.21
508,  607.58,  805.50
509,  617.56,  804.79
510,  627.53,  804.08
511,  637.51,  803.38
512,  647.48,  802.67
513,  657.46,  801.96
514,  667.43,  801.25
515,  677.41,  800.54
516,  687.38,  799.83
517,  697.36,  799.12
518,  707.33,  798.41
519,  717.31,  797.71
520,  727.28,  797.00
521,  737.26,  796.29
522,  747.23,  795.58
523,  757.21,  794.87
524,  767.18,  794.16
525,  777.16,  793.45
526,  787.13,  792.74
527,  797.11,  792.04
528,  807.08,  791.33
529,  817.06,  790.62
530,  827.03,  789.91
531,  837.01,  789.20
532,  846.98,  788.49
533,  856.96,  787.78
534,  866.93,  787.07
535,  876.91,  786.37
536,  886.88,  785.66
537,  896.85,  784.95
538,  906.83,  784.24
539,  916.80,  783.53
540,  926.78,  782.82
541,  936.75,  782.11
542,  946.73,  781.40
543,  956.70,  780.70
544,  966.68,  779.99
545,  976.65,  779.28
546,  986.63,  778.57
547,  996.60,  777.86
548,  1006.58,  777.15
549,  1016.55,  776.44
550,  1026.53,  775.73
551,  1036.50,  775.03
552,  1046.48,  774.32
553,  1056.45,  773.61
554,  1066.43,  772.90
555,  1076.40,  772.19
556,  1086.38,  771.48
557,  1096.35,  770.77
558,  1106.33,  770.06
559,  1116.30,  769.36
560,  1126.28,  768.65
561,  1136.25,  767.94
562,  1146.23,  767.23
563,  1156.20,  766.52
564,  1166.18,  765.81
565,  1176.15,  765.10
566,  1186.13,  764.40
567,  1196.10,  763.69
568,  1206.08,  762.98
569,  1216.05,  762.27
570,  1226.03,  761.56
571,  1236.00,  760.85
572,  1245.97,  760.14
573,  1255.95,  759.43
574,  1265.92,  758.73
575,  1275.90,  758.02
576,  1285.87,  757.31
577,  1295.85,  756.60
578,  1305.82,  755.89
579,  1315.80,  755.18
580,  1325.77,  754.47
581,  1335.75,  753.76
582,  1345.72,  753.06
583,  1355.70,  752.35
584,  1365.67,  751.64
585,  1375.65,  750.93
586,  1385.62,  750.22
587,  1395.60,  749.51
588,  1405.57,  748.80
589,  1415.55,  748.09
590,  1425.52,  747.39
591,  1415.55,  746.68
592,  1405.57,  745.97
593,  1395.60,  745.26
594,  1385.62,  744.55
595,  1375.65,  743.84
596,  1365.67,  743.13
597,  1355.70,  742.42
598,  1345.72,  741.72
599,  1335.75,  741.01
600,  1325.77,  740.30
601,  1315.80,  739.59
602,  1305.82,  738.88
603,  1295.85,  738.17
604,  1285.87,  737.46
605,  1275.90,  736.75
606,  1265.92,  736.05
607,  1255.95,  735.34
608,  1245.97,  734.63
609,  1236.00,  733.92
610,  1226.03,  733.21
611,  1216.05,  732.50
612,  1206.08,  731.79
613,  1196.10,  731.08
614,  1186.13,  730.38
615,  1176.15,  729.67
616,  1166.18,  728.96
617,  1156.20,  728.25
618,  1146.23,  727.54
619,  1136.25,  726.83
620,  1126.28,  726.12
621,  1116.30,  725.42
622,  1106.33,  724.71
623,  1096.35,  724.00
624,  1086.38,  723.29
625,  1076.40,  722.58
626,  1066.43,  721.87
627,  1056.45,  721.16
628,  1046.48,  720.45
629,  1036.50,  719.75
630,  1026.53,  719.04
631,  1016.55,  718.33
632,  1006.58,  717.62
633,  996.60,  716.91
634,  986.63,  716.20
635,  976.65,  715.49
636,  966.68,  714.78
637,  956.70,  714.08
638,  946.73,  713.37
639,  936.75,  712.66
640,  926.78,  711.95
641,  916.80,  711.24
642,  906.83,  710.53
643,  896.85,  709.82
644,  886.88,  709.11
645,  876.91,  708.41
646,  866.93,  707.70
647,  856.96,  706.99
648,  846.98,  706.28
649,  837.01,  705.57
650,  827.03,  704.86
651,  817.06,  704.15
652,  807.08,  703.44
653,  797.11,  702.74
654,  787.13,  702.03
655,  777.16,  701.32
656,  767.18,  700.61
657,  757.21,  699.90
658,  747.23,  699.19
659,  737.26,  698.48
660,  727.28,  697.77
661,  717.31,  697.07
662,  707.33,  696.36
663,  697.36,  695.65
664,  687.38,  694.94
665,  677.41,  694.23
666,  667.43,  693.52
667,  657.46,  692.81
668,  647.48,  692.11
669,  637.51,  691.40
670,  627.53,  690.69
671,  617.56,  689.98
672,  607.58,  689.27
673,  597.61,  688.56
674,  587.63,  687.85
675,  577.66,  687.14
676,  567.68,  686.44
677,  557.71,  685.73
678,  547.74,  685.02
679,  537.76,  684.31
680,  527.79,  683.60
681,  517.81,  682.89
682,  507.84,  682.18
683,  497.86,  681.47
684,  487.89,  680.77
685,  477.91,  680.06
686,  467.94,  679.35
687,  457.96,  678.64
688,  447.99,  677.93
689,  438.01,  677.22
690,  428.04,  676.51
691,  418.06,  675.80
692,  408.09,  675.10
693,  398.11,  674.39
694,  388.14,  673.68
695,  378.16,  672.97
696,  368.19,  672.26
697,  358.21,  671.55
698,  348.24,  670.84
699,  338.26,  670.13
700,  328.29,  669.43
701,  318.31,  668.72
702,  308.34,  668.01
703,  298.36,  667.30
704,  288.39,  666.59
705,  278.41,  665.88
706,  268.44,  665.17
707,  258.46,  664.46
708,  248.49,  663.76
709,  238.51,  663.05
710,  228.54,  662.34
711,  218.56,  661.63
712,  208.59,  660.92
713,  198.62,  660.21
714,  188.64,  659.50
715,  178.67,  658.79
716,  168.69,  658.09
717,  158.72,  657.38
718,  148.74,  656.67
719,  138.77,  655.96
720,  128.79,  655.25
721,  118.82,  654.54
722,  108.84,  653.83
723,  98.87,  653.13
724,  88.89,  652.42
725,  78.92,  651.71
726,  68.94,  651.00
727,  58.97,  650.29
728,  48.99,  649.58
729,  39.02,  648.87
730,  29.04,  648.16
731,  19.07,  647.46
732,  9.09,  646.75
733,  -0.88,  646.04
734,  9.09,  645.33
735,  19.07,  644.62
736,  29.04,  643.91
737,  39.02,  643.20
738,  48.99,  642.49
739,  58.97,  641.79
740,  68.94,  641.08
741,  78.92,  640.37
742,  88.89,  639.66
743,  98.87,  638.95
744,  108.84,  638.24
745,  118.82,  637.53
746,  128.79,  636.82
747,  138.77,  636.12
748,  148.74,  635.41
749,  158.72,  634.70
750,  168.69,  633.99
751,  178.67,  633.28
752,  188.64,  632.57
753,  198.62,  631.86
754,  208.59,  631.15
755,  218.56,  630.45
756,  228.54,  629.74
757,  238.51,  629.03
758,  248.49,  628.32
759,  258.46,  627.61
760,  268.44,  626.90
761,  278.41,  626.19
762,  288.39,  625.48
763,  298.36,  624.78
764,  308.34,  624.07
765,  318.31,  623.36
766,  328.29,  622.65
767,  338.26,  621.94
768,  348.24,  621.23
769,  358.21,  620.52
770,  368.19,  619.81
771,  378.16,  619.11
772,  388.14,  618.40
773,  398.11,  617.69
774,  408.09,  616.98
775,  418.06,  616.27
776,  428.04,  615.56
777,  438.01,  614.85
778,  447.99,  614.15
779,  457.96,  613.44
780,  467.94,  612.73
781,  477.91,  612.02
782,  487.89,  611.31
783,  497.86,  610.60
784,  507.84,  609.89
785,  517.81,  609.18
786,  527.79,  608.48
787,  537.76,  607.77
788,  547.74,  607.06
789,  557.71,  606.35
790,  567.68,  605.64
791,  577.66,  604.93
792,  587.63,  604.22
793,  597.61,  603.51
794,  607.58,  602.81
795,  617.56,  602.10
796,  627.53,  601.39
797,  637.51,  600.68
798,  647.48,  599.97
799,  657.46,  599.26
800,  667.43,  598.55
801,  677.41,  597.84
802,  687.38,  597.14
803,  697.36,  596.43
804,  707.33,  595.72
805,  717.31,  595.01
806,  727.28,  594.30
807,  737.26,  593.59
808,  747.23,  592.88
809,  757.21,  592.17
810,  767.18,  591.47
811,  777.16,  590.76
812,  787.13,  590.05
813,  797.11,  589.34
814,  807.08,  588.63
815,  817.06,  587.92
816,  827.03,  587.21
817,  837.01,  586.50
818,  846.98,  585.80
819,  856.96,  585.09
820,  866.93,  584.38
821,  876.91,  583.67
822,  886.88,  582.96
823,  896.85,  582.25
824,  906.83,  581.54
825,  916.80,  580.83
826,  926.78,  580.13
827,  936.75,  579.42
828,  946.73,  578.71
829,  956.70,  578.00
830,  966.68,  577.29
831,  976.65,  576.58
832,  986.63,  575.87
833,  996.60,  575.17
834,  1006.58,  574.46
835,  1016.55,  573.75
836,  1026.53,  573.04
837,  1036.50,  572.33
838,  1046.48,  571.62
839,  1056.45,  570.91
840,  1066.43,  570.20
841,  1076.40,  569.50
842,  1086.38,  568.79
843,  1096.35,  568.08
844,  1106.33,  567.37
845,  1116.30,  566.66
846,  1126.28,  565.95
847,  1136.25,  565.24
848,  1146.23,  564.53
849,  1156.20,  563.83
850,  1166.18,  563.12
851,  1176.15,  562.41
852,  1186.13,  561.70
853,  1196.10,  560.99
854,  1206.08,  560.28
855,  1216.05,  559.57
856,  1226.03,  558.86
857,  1236.00,  558.16
858,  1245.97,  557.45
859,  1255.95,  556.74
860,  1265.92,  556.03
861,  1275.90,  555.32
862,  1285.87,  554.61
863,  1295.85,  553.90
864,  1305.82,  553.19
865,  1315.80,  552.49
866,  1325.77,  551.78
867,  1335.75,  551.07
868,  1345.72,  550.36
869,  1355.70,  549.65
870,  1365.67,  548.94
871,  1375.65,  548.23
872,  1385.62,  547.52
873,  1395.60,  546.82
874,  1405.57,  546.11
875,  1415.55,  545.40
876,  1425.52,  544.69
877,  1415.55,  543.98
878,  1405.57,  543.27
879,  1395.60,  542.56
880,  1385.62,  541.85
881,  1375.65,  541.15
882,  1365.67,  540.44
883,  1355.70,  539.73
884,  1345.72,  539.02
885,  1335.75,  538.31
886,  1325.77,  537.60
887,  1315.80,  536.89
888,  1305.82,  536.19
889,  1295.85,  535.48
890,  1285.87,  534.77
891,  1275.90,  534.06
892,  1265.92,  533.35
893,  1255.95,  532.64
894,  1245.97,  531.93
895,  1236.00,  531.22
896,  1226.03,  530.52
897,  1216.05,  529.81
898,  1206.08,  529.10
899,  1196.10,  528.39
900,  1186.13,  527.68
901,  1176.15,  526.97
902,  1166.18,  526.26
903,  1156.20,  525.55
904,  1146.23,  524.85
905,  1136.25,  524.14
906,  1126.28,  523.43
907,  1116.30,  522.72
908,  1106.33,  522.01
909,  1096.35,  521.30
910,  1086.38,  520.59
911,  1076.40,  519.88
912,  1066.43,  519.18
913,  1056.45,  518.47
914,  1046.48,  517.76
915,  1036.50,  517.05
916,  1026.53,  516.34
917,  1016.55,  515.63
918,  1006.58,  514.92
919,  996.60,  514.21
920,  986.63,  513.51
921,  976.65,  512.80
922,  966.68,  512.09
923,  956.70,  511.38
924,  946.73,  510.67
925,  936.75,  509.96
926,  926.78,  509.25
927,  916.80,  508.54
928,  906.83,  507.84
929,  896.85,  507.13
930,  886.88,  506.42
931,  876.91,  505.71
932,  866.93,  505.00
933,  856.96,  504.29
934,  846.98,  503.58
935,  837.01,  502.87
936,  827.03,  502.17
937,  817.06,  501.46
938,  807.08,  500.75
939,  797.11,  500.04
940,  787.13,  499.33
941,  777.16,  498.62
942,  767.18,  497.91
943,  757.21,  497.21
944,  747.23,  496.50
945,  737.26,  495.79
946,  727.28,  495.08
947,  717.31,  494.37
948,  707.33,  493.66
949,  697.36,  492.95
950,  687.38,  492.24
951,  677.41,  491.54
952,  667.43,  490.83
953,  657.46,  490.12
954,  647.48,  489.41
955,  637.51,  488.70
956,  627.53,  487.99
957,  617.56,  487.28
958,  607.58,  486.57
959,  597.61,  485.87
960,  587.63,  485.16
961,  577.66,  484.45
962,  567.68,  483.74
963,  557.71,  483.03
964,  547.74,  482.32
965,  537.76,  481.61
966,  527.79,  480.90
967,  517.81,  480.20
968,  507.84,  479.49
969,  497.86,  478.78
970,  487.89,  478.07
971,  477.91,  477.36
972,  467.94,  476.65
973,  457.96,  475.94
974,  447.99,  475.23
975,  438.01,  474.53
976,  428.04,  473.82
977,  418.06,  473.11
978,  408.09,  472.40
979,  398.11,  471.69
980,  388.14,  470.98
981,  378.16,  470.27
982,  368.19,  469.56
983,  358.21,  468.86
984,  348.24,  468.15
985,  338.26,  467.44
986,  328.29,  466.73
987,  318.31,  466.02
988,  308.34,  465.31
989,  298.36,  464.60
990,  288.39,  463.89
991,  278.41,  463.19
992,  268.44,  462.48
993,  258.46,  461.77
994,  248.49,  461.06
995,  238.51,  460.35
996,  228.54,  459.64
997,  218.56,  458.93
998,  208.59,  458.23
999,  198.62,  457.52
1000,  188.64,  456.81
1001,  178.67,  456.10
1002,  168.69,  455.39
1003,  158.72,  454.68
1004,  148.74,  453.97
1005,  138.77,  453.26
1006,  128.79,  452.56
1007,  118.82,  451.85
1008,  108.84,  451.14
1009,  98.87,  450.43
1010,  88.89,  449.72
1011,  78.92,  449.01
1012,  68.94,  448.30
1013,  58.97,  447.59
1014,  48.99,  446.89
1015,  39.02,  446.18
1016,  29.04,  445.47
1017,  19.07,  444.76
1018,  9.09,  444.05
1019,  -0.88,  443.34
1020,  9.09,  442.63
1021,  19.07,  441.92
1022,  29.04,  441.22
1023,  39.02,  440.51
1024,  48.99,  439.80
1025,  58.97,  439.09
1026,  68.94,  438.38
1027,  78.92,  437.67
1028,  88.89,  436.96
1029,  98.87,  436.25
1030,  108.84,  435.55
1031,  118.82,  434.84
1032,  128.79,  434.13
1033,  138.77,  433.42
1034,  148.74,  432.71
1035,  158.72,  432.00
1036,  168.69,  431.29
1037,  178.67,  430.58
1038,  188.64,  429.88
1039,  198.62,  429.17
1040,  208.59,  428.46
1041,  218.56,  427.75
1042,  228.54,  427.04
1043,  238.51,  426.33
1044,  248.49,  425.62
1045,  258.46,  424.92
1046,  268.44,  424.21
1047,  278.41,  423.50
1048,  288.39,  422.79
1049,  298.36,  422.08
1050,  308.34,  421.37
1051,  318.31,  420.66
1052,  328.29,  419.95
1053,  338.26,  419.25
1054,  348.24,  418.54
1055,  358.21,  417.83
1056,  368.19,  417.12
1057,  378.16,  416.41
1058,  388.14,  415.70
1059,  398.11,  414.99
1060,  408.09,  414.28
1061,  418.06,  413.58
1062,  428.04,  412.87
1063,  438.01,  412.16
1064,  447.99,  411.45
1065,  457.96,  410.74
1066,  467.94,  410.03
1067,  477.91,  409.32
1068,  487.89,  408.61
1069,  497.86,  407.91
1070,  507.84,  407.20
1071,  517.81,  406.49
1072,  527.79,  405.78
1073,  537.76,  405.07
1074,  547.74,  404.36
1075,  557.71,  403.65
1076,  567.68,  402.94
1077,  577.66,  402.24
1078,  587.63,  401.53
1079,  597.61,  400.82
1080,  607.58,  400.11
1081,  617.56,  399.40
1082,  627.53,  398.69
1083,  637.51,  397.98
1084,  647.48,  397.27
1085,  657.46,  396.57
1086,  667.43,  395.86
1087,  677.41,  395.15
1088,  687.38,  394.44
1089,  697.36,  393.73
1090,  707.33,  393.02
1091,  717.31,  392.31
1092,  727.28,  391.60
1093,  737.26,  390.90
1094,  747.23,  390.19
1095,  757.21,  389.48
1096,  767.18,  388.77
1097,  777.16,  388.06
1098,  787.13,  387.35
1099,  797.11,  386.64
1100,  807.08,  385.94
1101,  817.06,  385.23
1102,  827.03,  384.52
1103,  837.01,  383.81
1104,  846.98,  383.10
1105,  856.96,  382.39
1106,  866.93,  381.68
1107,  876.91,  380.97
1108,  886.88,  380.27
1109,  896.85,  379.56
1110,  906.83,  378.85
1111,  916.80,  378.14
1112,  926.78,  377.43
1113,  936.75,  376.72
1114,  946.73,  376.01
1115,  956.70,  375.30
1116,  966.68,  374.60
1117,  976.65,  373.89
1118,  986.63,  373.18
1119,  996.60,  372.47
1120,  1006.58,  371.76
1121,  1016.55,  371.05
1122,  1026.53,  370.34
1123,  1036.50,  369.63
1124,  1046.48,  368.93
1125,  1056.45,  368.22
1126,  1066.43,  367.51
1127,  1076.40,  366.80
1128,  1086.38,  366.09
1129,  1096.35,  365.38
1130,  1106.33,  364.67
1131,  1116.30,  363.96
1132,  1126.28,  363.26
1133,  1136.25,  362.55
1134,  1146.23,  361.84
1135,  1156.20,  361.13
1136,  1166.18,  360.42
1137,  1176.15,  359.71
1138,  1186.13,  359.00
1139,  1196.10,  358.29
1140,  1206.08,  357.59
1141,  1216.05,  356.88
1142,  1226.03,  356.17
1143,  1236.00,  355.46
1144,  1245.97,  354.75
1145,  1255.95,  354.04
1146,  1265.92,  353.33
1147,  1275.90,  352.62
1148,  1285.87,  351.92
1149,  1295.85,  351.21
1150,  1305.82,  350.50
1151,  1315.80,  349.79
1152,  1325.77,  349.08
1153,  1335.75,  348.37
1154,  1345.72,  347.66
1155,  1355.70,  346.96
1156,  1365.67,  346.25
1157,  1375.65,  345.54
1158,  1385.62,  344.83
1159,  1395.60,  344.12
1160,  1405.57,  343.41
1161,  1415.55,  342.70
1162,  1425.52,  341.99
1163,  1415.55,  341.29
1164,  1405.57,  340.58
1165,  1395.60,  339.87
1166,  1385.62,  339.16
1167,  1375.65,  338.45
1168,  1365.67,  337.74
1169,  1355.70,  337.03
1170,  1345.72,  336.32
1171,  1335.75,  335.62
1172,  1325.77,  334.91
1173,  1315.80,  334.20
1174,  1305.82,  333.49
1175,  1295.85,  332.78
1176,  1285.87,  332.07
1177,  1275.90,  331.36
1178,  1265.92,  330.65
1179,  1255.95,  329.95
1180,  1245.97,  329.24
1181,  1236.00,  328.53
1182,  1226.03,  327.82
1183,  1216.05,  327.11
1184,  1206.08,  326.40
1185,  1196.10,  325.69
1186,  1186.13,  324.98
1187,  1176.15,  324.28
1188,  1166.18,  323.57
1189,  1156.20,  322.86
1190,  1146.23,  322.15
1191,  1136.25,  321.44
1192,  1126.28,  320.73
1193,  1116.30,  320.02
1194,  1106.33,  319.31
1195,  1096.35,  318.61
1196,  1086.38,  317.90
1197,  1076.40,  317.19
1198,  1066.43,  316.48
1199,  1056.45,  315.77
1200,  1046.48,  315.06
1201,  1036.50,  314.35
1202,  1026.53,  313.64
1203,  1016.55,  312.94
1204,  1006.58,  312.23
1205,  996.60,  311.52
1206,  986.63,  310.81
1207,  976.65,  310.10
1208,  966.68,  309.39
1209,  956.70,  308.68
1210,  946.73,  307.98
1211,  936.75,  307.27
1212,  926.78,  306.56
1213,  916.80,  305.85
1214,  906.83,  305.14
1215,  896.85,  304.43
1216,  886.88,  303.72
1217,  876.91,  303.01
1218,  866.93,  302.31
1219,  856.96,  301.60
1220,  846.98,  300.89
1221,  837.01,  300.18
1222,  827.03,  299.47
1223,  817.06,  298.76
1224,  807.08,  298.05
1225,  797.11,  297.34
1226,  787.13,  296.64
1227,  777.16,  295.93
1228,  767.18,  295.22
1229,  757.21,  294.51
1230,  747.23,  293.80
1231,  737.26,  293.09
1232,  727.28,  292.38
1233,  717.31,  291.67
1234,  707.33,  290.97
1235,  697.36,  290.26
1236,  687.38,  289.55
1237,  677.41,  288.84
1238,  667.43,  288.13
1239,  657.46,  287.42
1240,  647.48,  286.71
1241,  637.51,  286.00
1242,  627.53,  285.30
1243,  617.56,  284.59
1244,  607.58,  283.88
1245,  597.61,  283.17
1246,  587.63,  282.46
1247,  577.66,  281.75
1248,  567.68,  281.04
1249,  557.71,  280.33
1250,  547.74,  279.63
1251,  537.76,  278.92
1252,  527.79,  278.21
1253,  517.81,  277.50
1254,  507.84,  276.79
1255,  497.86,  276.08
1256,  487.89,  275.37
1257,  477.91,  274.66
1258,  467.94,  273.96
1259,  457.96,  273.25
1260,  447.99,  272.54
1261,  438.01,  271.83
1262,  428.04,  271.12
1263,  418.06,  270.41
1264,  408.09,  269.70
1265,  398.11,  269.00
1266,  388.14,  268.29
1267,  378.16,  267.58
1268,  368.19,  266.87
1269,  358.21,  266.16
1270,  348.24,  265.45
1271,  338.26,  264.74
1272,  328.29,  264.03
1273,  318.31,  263.33
1274,  308.34,  262.62
1275,  298.36,  261.91
1276,  288.39,  261.20
1277,  278.41,  260.49
1278,  268.44,  259.78
1279,  258.46,  259.07
1280,  248.49,  258.36
1281,  238.51,  257.66
1282,  228.54,  256.95
1283,  218.56,  256.24
1284,  208.59,  255.53
1285,  198.62,  254.82
1286,  188.64,  254.11
1287,  178.67,  253.40
1288,  168.69,  252.69
1289,  158.72,  251.99
1290,  148.74,  251.28
1291,  138.77,  250.57
1292,  128.79,  249.86
1293,  118.82,  249.15
1294,  108.84,  248.44
1295,  98.87,  247.73
1296,  88.89,  247.02
1297,  78.92,  246.32
1298,  68.94,  245.61
1299,  58.97,  244.90
1300,  48.99,  244.19
1301,  39.02,  243.48
1302,  29.04,  242.77
1303,  19.07,  242.06
1304,  9.09,  241.35
1305,  -0.88,  240.65
1306,  9.09,  239.94
1307,  19.07,  239.23
1308,  29.04,  238.52
1309,  39.02,  237.81
1310,  48.99,  237.10
1311,  58.97,  236.39
1312,  68.94,  235.68
1313,  78.92,  234.98
1314,  88.89,  234.27
1315,  98.87,  233.56
1316,  108.84,  232.85
1317,  118.82,  232.14
1318,  128.79,  231.43
1319,  138.77,  230.72
1320,  148.74,  230.02
1321,  158.72,  229.31
1322,  168.69,  228.60
1323,  178.67,  227.89
1324,  188.64,  227.18
1325,  198.62,  226.47
1326,  208.59,  225.76
1327,  218.56,  225.05
1328,  228.54,  224.35
1329,  238.51,  223.64
1330,  248.49,  222.93
1331,  258.46,  222.22
1332,  268.44,  221.51
1333,  278.41,  220.80
1334,  288.39,  220.09
1335,  298.36,  219.38
1336,  308.34,  218.68
1337,  318.31,  217.97
1338,  328.29,  217.26
1339,  338.26,  216.55
1340,  348.24,  215.84
1341,  358.21,  215.13
1342,  368.19,  214.42
1343,  378.16,  213.71
1344,  388.14,  213.01
1345,  398.11,  212.30
1346,  408.09,  211.59
1347,  418.06,  210.88
1348,  428.04,  210.17
1349,  438.01,  209.46
1350,  447.99,  208.75
1351,  457.96,  208.04
1352,  467.94,  207.34
1353,  477.91,  206.63
1354,  487.89,  205.92
1355,  497.86,  205.21
1356,  507.84,  204.50
1357,  517.81,  203.79
1358,  527.79,  203.08
1359,  537.76,  202.37
1360,  547.74,  201.67
1361,  557.71,  200.96
1362,  567.68,  200.25
1363,  577.66,  199.54
1364,  587.63,  198.83
1365,  597.61,  198.12
1366,  607.58,  197.41
1367,  617.56,  196.70
1368,  627.53,  196.00
1369,  637.51,  195.29
1370,  647.48,  194.58
1371,  657.46,  193.87
1372,  667.43,  193.16
1373,  677.41,  192.45
1374,  687.38,  191.74
1375,  697.36,  191.04
1376,  707.33,  190.33
1377,  717.31,  189.62
1378,  727.28,  188.91
1379,  737.26,  188.20
1380,  747.23,  187.49
1381,  757.21,  186.78
1382,  767.18,  186.07
1383,  777.16,  185.37
1384,  787.13,  184.66
1385,  797.11,  183.95
1386,  807.08,  183.24
1387,  817.06,  182.53
1388,  827.03,  181.82
1389,  837.01,  181.11
1390,  846.98,  180.40
1391,  856.96,  179.70
1392,  866.93,  178.99
1393,  876.91,  178.28
1394,  886.88,  177.57
1395,  896.85,  176.86
1396,  906.83,  176.15
1397,  916.80,  175.44
1398,  926.78,  174.73
1399,  936.75,  174.03
1400,  946.73,  173.32
1401,  956.70,  172.61
1402,  966.68,  171.90
1403,  976.65,  171.19
1404,  986.63,  170.48
1405,  996.60,  169.77
1406,  1006.58,  169.06
1407,  1016.55,  168.36
1408,  1026.53,  167.65
1409,  1036.50,  166.94
1410,  1046.48,  166.23
1411,  1056.45,  165.52
1412,  1066.43,  164.81
1413,  1076.40,  164.10
1414,  1086.38,  163.39
1415,  1096.35,  162.69
1416,  1106.33,  161.98
1417,  1116.30,  161.27
1418,  1126.28,  160.56
1419,  1136.25,  159.85
1420,  1146.23,  159.14
1421,  1156.20,  158.43
1422,  1166.18,  157.73
1423,  1176.15,  157.02
1424,  1186.13,  156.31
1425,  1196.10,  155.60
1426,  1206.08,  154.89
1427,  1216.05,  154.18
1428,  1226.03,  153.47
1429,  1236.00,  152.76
1430,  1245.97,  152.06
1431,  1255.95,  151.35
1432,  1265.92,  150.64
1433,  1275.90,  149.93
1434,  1285.87,  149.22
1435,  1295.85,  148.51
1436,  1305.82,  147.80
1437,  1315.80,  147.09
1438,  1325.77,  146.39
1439,  1335.75,  145.68
1440,  1345.72,  144.97
1441,  1355.70,  144.26
1442,  1365.67,  143.55
1443,  1375.65,  142.84
1444,  1385.62,  142.13
1445,  1395.60,  141.42
1446,  1405.57,  140.72
1447,  1415.55,  140.01
1448,  1425.52,  139.30
1449,  1415.55,  138.59
1450,  1405.57,  137.88
1451,  1395.60,  137.17
1452,  1385.62,  136.46
1453,  1375.65,  135.75
1454,  1365.67,  135.05
1455,  1355.70,  134.34
1456,  1345.72,  133.63
1457,  1335.75,  132.92
1458,  1325.77,  132.21
1459,  1315.80,  131.50
1460,  1305.82,  130.79
1461,  1295.85,  130.08
1462,  1285.87,  129.38
1463,  1275.90,  128.67
1464,  1265.92,  127.96
1465,  1255.95,  127.25
1466,  1245.97,  126.54
1467,  1236.00,  125.83
1468,  1226.03,  125.12
1469,  1216.05,  124.41
1470,  1206.08,  123.71
1471,  1196.10,  123.00
1472,  1186.13,  122.29
1473,  1176.15,  121.58
1474,  1166.18,  120.87
1475,  1156.20,  120.16
1476,  1146.23,  119.45
1477,  1136.25,  118.75
1478,  1126.28,  118.04
1479,  1116.30,  117.33
1480,  1106.33,  116.62
1481,  1096.35,  115.91
1482,  1086.38,  115.20
1483,  1076.40,  114.49
1484,  1066.43,  113.78
1485,  1056.45,  113.08
1486,  1046.48,  112.37
1487,  1036.50,  111.66
1488,  1026.53,  110.95
1489,  1016.55,  110.24
1490,  1006.58,  109.53
1491,  996.60,  108.82
1492,  986.63,  108.11
1493,  976.65,  107.41
1494,  966.68,  106.70
1495,  956.70,  105.99
1496,  946.73,  105.28
1497,  936.75,  104.57
1498,  926.78,  103.86
1499,  916.80,  103.15
1500,  906.83,  102.44
1501,  896.85,  101.74
1502,  886.88,  101.03
1503,  876.91,  100.32
1504,  866.93,  99.61
1505,  856.96,  98.90
1506,  846.98,  98.19
1507,  837.01,  97.48
1508,  827.03,  96.77
1509,  817.06,  96.07
1510,  807.08,  95.36
1511,  797.11,  94.65
1512,  787.13,  93.94
1513,  777.16,  93.23
1514,  767.18,  92.52
1515,  757.21,  91.81
1516,  747.23,  91.10
1517,  737.26,  90.40
1518,  727.28,  89.69
1519,  717.31,  88.98
1520,  707.33,  88.27
1521,  697.36,  87.56
1522,  687.38,  86.85
1523,  677.41,  86.14
1524,  667.43,  85.43
1525,  657.46,  84.73
1526,  647.48,  84.02
1527,  637.51,  83.31
1528,  627.53,  82.60
1529,  617.56,  81.89
1530,  607.58,  81.18
1531,  597.61,  80.47
1532,  587.63,  79.77
1533,  577.66,  79.06
1534,  567.68,  78.35
1535,  557.71,  77.64
1536,  547.74,  76.93
1537,  537.76,  76.22
1538,  527.79,  75.51
1539,  517.81,  74.80
1540,  507.84,  74.10
1541,  497.86,  73.39
1542,  487.89,  72.68
1543,  477.91,  71.97
1544,  467.94,  71.26
1545,  457.96,  70.55
1546,  447.99,  69.84
1547,  438.01,  69.13
1548,  428.04,  68.43
1549,  418.06,  67.72
1550,  408.09,  67.01
1551,  398.11,  66.30
1552,  388.14,  65.59
1553,  378.16,  64.88
1554,  368.19,  64.17
1555,  358.21,  63.46
1556,  348.24,  62.76
1557,  338.26,  62.05
1558,  328.29,  61.34
1559,  318.31,  60.63
1560,  308.34,  59.92
1561,  298.36,  59.21
1562,  288.39,  58.50
1563,  278.41,  57.79
1564,  268.44,  57.09
1565,  258.46,  56.38
1566,  248.49,  55.67
1567,  238.51,  54.96
1568,  228.54,  54.25
1569,  218.56,  53.54
1570,  208.59,  52.83
1571,  198.62,  52.12
1572,  188.64,  51.42
1573,  178.67,  50.71
1574,  168.69,  50.00
1575,  158.72,  49.29
1576,  148.74,  48.58
1577,  138.77,  47.87
1578,  128.79,  47.16
1579,  118.82,  46.45
1580,  108.84,  45.75
1581,  98.87,  45.04
1582,  88.89,  44.33
1583,  78.92,  43.62
1584,  68.94,  42.91
1585,  58.97,  42.20
1586,  48.99,  41.49
1587,  39.02,  40.79
1588,  29.04,  40.08
1589,  19.07,  39.37
1590,  9.09,  38.66
1591,  -0.88,  37.95
1592,  9.09,  37.24
1593,  19.07,  36.53
1594,  29.04,  35.82
1595,  39.02,  35.12
1596,  48.99,  34.41
1597,  58.97,  33.70
1598,  68.94,  32.99
1599,  78.92,  32.28
1600,  88.89,  31.57
1601,  98.87,  30.86
1602,  108.84,  30.15
1603,  118.82,  29.45
1604,  128.79,  28.74
1605,  138.77,  28.03
1606,  148.74,  27.32
1607,  158.72,  26.61
1608,  168.69,  25.90
1609,  178.67,  25.19
1610,  188.64,  24.48
1611,  198.62,  23.78
1612,  208.59,  23.07
1613,  218.56,  22.36
1614,  228.54,  21.65
1615,  238.51,  20.94
1616,  248.49,  20.23
1617,  258.46,  19.52
1618,  268.44,  18.81
1619,  278.41,  18.11
1620,  288.39,  17.40
1621,  298.36,  16.69
1622,  308.34,  15.98
1623,  318.31,  15.27
1624,  328.29,  14.56
1625,  338.26,  13.85
1626,  348.24,  13.14
1627,  358.21,  12.44
1628,  368.19,  11.73
1629,  378.16,  11.02
1630,  388.14,  10.31
1631,  398.11,  9.60
1632,  408.09,  8.89
1633,  418.06,  8.18
1634,  428.04,  7.47
1635,  438.01,  8.18
1636,  447.99,  8.89
1637,  457.96,  9.60
1638,  467.94,  10.31
1639,  477.91,  11.02
1640,  487.89,  11.73
1641,  497.86,  12.44
1642,  507.84,  13.14
1643,  517.81,  13.85
1644,  527.79,  14.56
1645,  537.76,  15.27
1646,  547.74,  15.98
1647,  557.71,  16.69
1648,  567.68,  17.40
1649,  577.66,  18.11
1650,  587.63,  18.81
1651,  597.61,  19.52
1652,  607.58,  20.23
1653,  617.56,  20.94
1654,  627.53,  21.65
1655,  637.51,  22.36
1656,  647.48,  23.07
1657,  657.46,  23.78
1658,  667.43,  24.48
1659,  677.41,  25.19
1660,  687.38,  25.90
1661,  697.36,  26.61
1662,  707.33,  27.32
1663,  717.31,  28.03
1664,  727.28,  28.74
1665,  737.26,  29.45
1666,  747.23,  30.15
1667,  757.21,  30.86
1668,  767.18,  31.57
1669,  777.16,  32.28
1670,  787.13,  32.99
1671,  797.11,  33.70
1672,  807.08,  34.41
1673,  817.06,  35.12
1674,  827.03,  35.82
1675,  837.01,  36.53
1676,  846.98,  37.24
1677,  856.96,  37.95
1678,  866.93,  38.66
1679,  876.91,  39.37
1680,  886.88,  40.08
1681,  896.85,  40.79
1682,  906.83,  41.49
1683,  916.80,  42.20
1684,  926.78,  42.91
1685,  936.75,  43.62
1686,  946.73,  44.33
1687,  956.70,  45.04
1688,  966.68,  45.75
1689,  976.65,  46.45
1690,  986.63,  47.16
1691,  996.60,  47.87
1692,  1006.58,  48.58
1693,  1016.55,  49.29
1694,  1026.53,  50.00
1695,  1036.50,  50.71
1696,  1046.48,  51.42
1697,  1056.45,  52.12
1698,  1066.43,  52.83
1699,  1076.40,  53.54
1700,  1086.38,  54.25
1701,  1096.35,  54.96
1702,  1106.33,  55.67
1703,  1116.30,  56.38
1704,  1126.28,  57.09
1705,  1136.25,  57.79
1706,  1146.23,  58.50
1707,  1156.20,  59.21
1708,  1166.18,  59.92
1709,  1176.15,  60.63
1710,  1186.13,  61.34
1711,  1196.10,  62.05
1712,  1206.08,  62.76
1713,  1216.05,  63.46
1714,  1226.03,  64.17
1715,  1236.00,  64.88
1716,  1245.97,  65.59
1717,  1255.95,  66.30
1718,  1265.92,  67.01
1719,  1275.90,  67.72
1720,  1285.87,  68.43
1721,  1295.85,  69.13
1722,  1305.82,  69.84
1723,  1315.80,  70.55
1724,  1325.77,  71.26
1725,  1335.75,  71.97
1726,  1345.72,  72.68
1727,  1355.70,  73.39
1728,  1365.67,  74.10
1729,  1375.65,  74.80
1730,  1385.62,  75.51
1731,  1395.60,  76.22
1732,  1405.57,  76.93
1733,  1415.55,  77.64
1734,  1425.52,  78.35
1735,  1415.55,  79.06
1736,  1405.57,  79.77
1737,  1395.60,  80.47
1738,  1385.62,  81.18
1739,  1375.65,  81.89
1740,  1365.67,  82.60
1741,  1355.70,  83.31
1742,  1345.72,  84.02
1743,  1335.75,  84.73
1744,  1325.77,  85.43
1745,  1315.80,  86.14
1746,  1305.82,  86.85
1747,  1295.85,  87.56
1748,  1285.87,  88.27
1749,  1275.90,  88.98
1750,  1265.92,  89.69
1751,  1255.95,  90.40
1752,  1245.97,  91.10
1753,  1236.00,  91.81
1754,  1226.03,  92.52
1755,  1216.05,  93.23
1756,  1206.08,  93.94
1757,  1196.10,  94.65
1758,  1186.13,  95.36
1759,  1176.15,  96.07
1760,  1166.18,  96.77
1761,  1156.20,  97.48
1762,  1146.23,  98.19
1763,  1136.25,  98.90
1764,  1126.28,  99.61
1765,  1116.30,  100.32
1766,  1106.33,  101.03
1767,  1096.35,  101.74
1768,  1086.38,  102.44
1769,  1076.40,  103.15
1770,  1066.43,  103.86
1771,  1056.45,  104.57
1772,  1046.48,  105.28
1773,  1036.50,  105.99
1774,  1026.53,  106.70
1775,  1016.55,  107.41
1776,  1006.58,  108.11
1777,  996.60,  108.82
1778,  986.63,  109.53
1779,  976.65,  110.24
1780,  966.68,  110.95
1781,  956.70,  111.66
1782,  946.73,  112.37
1783,  936.75,  113.08
1784,  926.78,  113.78
1785,  916.80,  114.49
1786,  906.83,  115.20
1787,  896.85,  115.91
1788,  886.88,  116.62
1789,  876.91,  117.33
1790,  866.93,  118.04
1791,  856.96,  118.75
1792,  846.98,  119.45
1793,  837.01,  120.16
1794,  827.03,  120.87
1795,  817.06,  121.58
1796,  807.08,  122.29
1797,  797.11,  123.00
1798,  787.13,  123.71
1799,  777.16,  124.41
1800,  767.18,  125.12
1801,  757.21,  125.83
1802,  747.23,  126.54
1803,  737.26,  127.25
1804,  727.28,  127.96
1805,  717.31,  128.67
1806,  707.33,  129.38
1807,  697.36,  130.08
1808,  687.38,  130.79
1809,  677.41,  131.50
1810,  667.43,  132.21
1811,  657.46,  132.92
1812,  647.48,  133.63
1813,  637.51,  134.34
1814,  627.53,  135.05
1815,  617.56,  135.75
1816,  607.58,  136.46
1817,  597.61,  137.17
1818,  587.63,  137.88
1819,  577.66,  138.59
1820,  567.68,  139.30
1821,  557.71,  140.01
1822,  547.74,  140.72
1823,  537.76,  141.42
1824,  527.79,  142.13
1825,  517.81,  142.84
1826,  507.84,  143.55
1827,  497.86,  144.26
1828,  487.89,  144.97
1829,  477.91,  145.68
1830,  467.94,  146.39
1831,  457.96,  147.09
1832,  447.99,  147.80
1833,  438.01,  148.51
1834,  428.04,  149.22
1835,  418.06,  149.93
1836,  408.09,  150.64
1837,  398.11,  151.35
1838,  388.14,  152.06
1839,  378.16,  152.76
1840,  368.19,  153.47
1841,  358.21,  154.18
1842,  348.24,  154.89
1843,  338.26,  155.60
1844,  328.29,  156.31
1845,  318.31,  157.02
1846,  308.34,  157.73
1847,  298.36,  158.43
1848,  288.39,  159.14
1849,  278.41,  159.85
1850,  268.44,  160.56
1851,  258.46,  161.27
1852,  248.49,  161.98
1853,  238.51,  162.69
1854,  228.54,  163.39
1855,  218.56,  164.10
1856,  208.59,  164.81
1857,  198.62,  165.52
1858,  188.64,  166.23
1859,  178.67,  166.94
1860,  168.69,  167.65
1861,  158.72,  168.36
1862,  148.74,  169.06
1863,  138.77,  169.77
1864,  128.79,  170.48
1865,  118.82,  171.19
1866,  108.84,  171.90
1867,  98.87,  172.61
1868,  88.89,  173.32
1869,  78.92,  174.03
1870,  68.94,  174.73
1871,  58.97,  175.44
1872,  48.99,  176.15
1873,  39.02,  176.86
1874,  29.04,  177.57
1875,  19.07,  178.28
1876,  9.09,  178.99
1877,  -0.88,  179.70
1878,  9.09,  180.40
1879,  19.07,  181.11
1880,  29.04,  181.82
1881,  39.02,  182.53
1882,  48.99,  183.24
1883,  58.97,  183.95
1884,  68.94,  184.66
1885,  78.92,  185.37
1886,  88.89,  186.07
1887,  98.87,  186.78
1888,  108.84,  187.49
1889,  118.82,  188.20
1890,  128.79,  188.91
1891,  138.77,  189.62
1892,  148.74,  190.33
1893,  158.72,  191.04
1894,  168.69,  191.74
1895,  178.67,  192.45
1896,  188.64,  193.16
1897,  198.62,  193.87
1898,  208.59,  194.58
1899,  218.56,  195.29
1900,  228.54,  196.00
1901,  238.51,  196.70
1902,  248.49,  197.41
1903,  258.46,  198.12
1904,  268.44,  198.83
1905,  278.41,  199.54
1906,  288.39,  200.25
1907,  298.36,  200.96
1908,  308.34,  201.67
1909,  318.31,  202.37
1910,  328.29,  203.08
1911,  338.26,  203.79
1912,  348.24,  204.50
1913,  358.21,  205.21
1914,  368.19,  205.92
1915,  378.16,  206.63
1916,  388.14,  207.34
1917,  398.11,  208.04
1918,  408.09,  208.75
1919,  418.06,  209.46
1920,  428.04,  210.17
1921,  438.01,  210.88
1922,  447.99,  211.59
1923,  457.96,  212.30
1924,  467.94,  213.01
1925,  477.91,  213.71
1926,  487.89,  214.42
1927,  497.86,  215.13
1928,  507.84,  215.84
1929,  517.81,  216.55
1930,  527.79,  217.26
1931,  537.76,  217.97
1932,  547.74,  218.68
1933,  557.71,  219.38
1934,  567.68,  220.09
1935,  577.66,  220.80
1936,  587.63,  221.51
1937,  597.61,  222.22
1938,  607.58,  222.93
1939,  617.56,  223.64
1940,  627.53,  224.35
1941,  637.51,  225.05
1942,  647.48,  225.76
1943,  657.46,  226.47
1944,  667.43,  227.18
1945,  677.41,  227.89
1946,  687.38,  228.60
1947,  697.36,  229.31
1948,  707.33,  230.02
1949,  717.31,  230.72
1950,  727.28,  231.43
1951,  737.26,  232.14
1952,  747.23,  232.85
1953,  757.21,  233.56
1954,  767.18,  234.27
1955,  777.16,  234.98
1956,  787.13,  235.68
1957,  797.11,  236.39
1958,  807.08,  237.10
1959,  817.06,  237.81
1960,  827.03,  238.52
1961,  837.01,  239.23
1962,  846.98,  239.94
1963,  856.96,  240.65
1964,  866.93,  241.35
1965,  876.91,  242.06
1966,  886.88,  242.77
1967,  896.85,  243.48
1968,  906.83,  244.19
1969,  916.80,  244.90
1970,  926.78,  245.61
1971,  936.75,  246.32
1972,  946.73,  247.02
1973,  956.70,  247.73
1974,  966.68,  248.44
1975,  976.65,  249.15
1976,  986.63,  249.86
1977,  996.60,  250.57
1978,  1006.58,  251.28
1979,  1016.55,  251.99
1980,  1026.53,  252.69
1981,  1036.50,  253.40
1982,  1046.48,  254.11
1983,  1056.45,  254.82
1984,  1066.43,  255.53
1985,  1076.40,  256.24
1986,  1086.38,  256.95
1987,  1096.35,  257.66
1988,  1106.33,  258.36
1989,  1116.30,  259.07
1990,  1126.28,  259.78
1991,  1136.25,  260.49
1992,  1146.23,  261.20
1993,  1156.20,  261.91
1994,  1166.18,  262.62
1995,  1176.15,  263.33
1996,  1186.13,  264.03
1997,  1196.10,  264.74
1998,  1206.08,  265.45
1999,  1216.05,  266.16
2000,  1226.03,  266.87
2001,  1236.00,  267.58
2002,  1245.97,  268.29
2003,  1255.95,  269.00
2004,  1265.92,  269.70
2005,  1275.90,  270.41
2006,  1285.87,  271.12
2007,  1295.85,  271.83
2008,  1305.82,  272.54
2009,  1315.80,  273.25
2010,  1325.77,  273.96
2011,  1335.75,  274.66
2012,  1345.72,  275.37
2013,  1355.70,  276.08
2014,  1365.67,  276.79
2015,  1375.65,  277.50
2016,  1385.62,  278.21
2017,  1395.60,  278.92
2018,  1405.57,  279.63
2019,  1415.55,  280.33
2020,  1425.52,  281.04
2021,  1415.55,  281.75
2022,  1405.57,  282.46
2023,  1395.60,  283.17
2024,  1385.62,  283.88
2025,  1375.65,  284.59
2026,  1365.67,  285.30
2027,  1355.70,  286.00
2028,  1345.72,  286.71
2029,  1335.75,  287.42
2030,  1325.77,  288.13
2031,  1315.80,  288.84
2032,  1305.82,  289.55
2033,  1295.85,  290.26
2034,  1285.87,  290.97
2035,  1275.90,  291.67
2036,  1265.92,  292.38
2037,  1255.95,  293.09
2038,  1245.97,  293.80
2039,  1236.00,  294.51
2040,  1226.03,  295.22
2041,  1216.05,  295.93
2042,  1206.08,  296.64
2043,  1196.10,  297.34
2044,  1186.13,  298.05
2045,  1176.15,  298.76
2046,  1166.18,  299.47
2047,  1156.20,  300.18
2048,  1146.23,  300.89
2049,  1136.25,  301.60
2050,  1126.28,  302.31
2051,  1116.30,  303.01
2052,  1106.33,  303.72
2053,  1096.35,  304.43
2054,  1086.38,  305.14
2055,  1076.40,  305.85
2056,  1066.43,  306.56
2057,  1056.45,  307.27
2058,  1046.48,  307.98
2059,  1036.50,  308.68
2060,  1026.53,  309.39
2061,  1016.55,  310.10
2062,  1006.58,  310.81
2063,  996.60,  311.52
2064,  986.63,  312.23
2065,  976.65,  312.94
2066,  966.68,  313.64
2067,  956.70,  314.35
2068,  946.73,  315.06
2069,  936.75,  315.77
2070,  926.78,  316.48
2071,  916.80,  317.19
2072,  906.83,  317.90
2073,  896.85,  318.61
2074,  886.88,  319.31
2075,  876.91,  320.02
2076,  866.93,  320.73
2077,  856.96,  321.44
2078,  846.98,  322.15
2079,  837.01,  322.86
2080,  827.03,  323.57
2081,  817.06,  324.28
2082,  807.08,  324.98
2083,  797.11,  325.69
2084,  787.13,  326.40
2085,  777.16,  327.11
2086,  767.18,  327.82
2087,  757.21,  328.53
2088,  747.23,  329.24
2089,  737.26,  329.95
2090,  727.28,  330.65
2091,  717.31,  331.36
2092,  707.33,  332.07
2093,  697.36,  332.78
2094,  687.38,  333.49
2095,  677.41,  334.20
2096,  667.43,  334.91
2097,  657.46,  335.62
2098,  647.48,  336.32
2099,  637.51,  337.03
2100,  627.53,  337.74
2101,  617.56,  338.45
2102,  607.58,  339.16
2103,  597.61,  339.87
2104,  587.63,  340.58
2105,  577.66,  341.29
2106,  567.68,  341.99
2107,  557.71,  342.70
2108,  547.74,  343.41
2109,  537.76,  344.12
2110,  527.79,  344.83
2111,  517.81,  345.54
2112,  507.84,  346.25
2113,  497.86,  346.96
2114,  487.89,  347.66
2115,  477.91,  348.37
2116,  467.94,  349.08
2117,  457.96,  349.79
2118,  447.99,  350.50
2119,  438.01,  351.21
2120,  428.04,  351.92
2121,  418.06,  352.62
2122,  408.09,  353.33
2123,  398.11,  354.04
2124,  388.14,  354.75
2125,  378.16,  355.46
2126,  368.19,  356.17
2127,  358.21,  356.88
2128,  348.24,  357.59
2129,  338.26,  358.29
2130,  328.29,  359.00
2131,  318.31,  359.71
2132,  308.34,  360.42
2133,  298.36,  361.13
2134,  288.39,  361.84
2135,  278.41,  362.55
2136,  268.44,  363.26
2137,  258.46,  363.96
2138,  248.49,  364.67
2139,  238.51,  365.38
2140,  228.54,  366.09
2141,  218.56,  366.80
2142,  208.59,  367.51
2143,  198.62,  368.22
2144,  188.64,  368.93
2145,  178.67,  369.63
2146,  168.69,  370.34
2147,  158.72,  371.05
2148,  148.74,  371.76
2149,  138.77,  372.47
2150,  128.79,  373.18
2151,  118.82,  373.89
2152,  108.84,  374.60
2153,  98.87,  375.30
2154,  88.89,  376.01
2155,  78.92,  376.72
2156,  68.94,  377.43
2157,  58.97,  378.14
2158,  48.99,  378.85
2159,  39.02,  379.56
2160,  29.04,  380.27
2161,  19.07,  380.97
2162,  9.09,  381.68
2163,  -0.88,  382.39
2164,  9.09,  383.10
2165,  19.07,  383.81
2166,  29.04,  384.52
2167,  39.02,  385.23
2168,  48.99,  385.94
2169,  58.97,  386.64
2170,  68.94,  387.35
2171,  78.92,  388.06
2172,  88.89,  388.77
2173,  98.87,  389.48
2174,  108.84,  390.19
2175,  118.82,  390.90
2176,  128.79,  391.60
2177,  138.77,  392.31
2178,  148.74,  393.02
2179,  158.72,  393.73
2180,  168.69,  394.44
2181,  178.67,  395.15
2182,  188.64,  395.86
2183,  198.62,  396.57
2184,  208.59,  397.27
2185,  218.56,  397.98
2186,  228.54,  398.69
2187,  238.51,  399.40
2188,  248.49,  400.11
2189,  258.46,  400.82
2190,  268.44,  401.53
2191,  278.41,  402.24
2192,  288.39,  402.94
2193,  298.36,  403.65
2194,  308.34,  404.36
2195,  318.31,  405.07
2196,  328.29,  405.78
2197,  338.26,  406.49
2198,  348.24,  407.20
2199,  358.21,  407.91
2200,  368.19,  408.61
2201,  378.16,  409.32
2202,  388.14,  410.03
2203,  398.11,  410.74
2204,  408.09,  411.45
2205,  418.06,  412.16
2206,  428.04,  412.87
2207,  438.01,  413.58
2208,  447.99,  414.28
2209,  457.96,  414.99
2210,  467.94,  415.70
2211,  477.91,  416.41
2212,  487.89,  417.12
2213,  497.86,  417.83
2214,  507.84,  418.54
2215,  517.81,  419.25
2216,  527.79,  419.95
2217,  537.76,  420.66
2218,  547.74,  421.37
2219,  557.71,  422.08
2220,  567.68,  422.79
2221,  577.66,  423.50
2222,  587.63,  424.21
2223,  597.61,  424.92
2224,  607.58,  425.62
